10043
1008
10302
10394
10452
1057
10582
10620
10627
1067
1069
10748
10797
11271
1131
11385
1154
11587
11813
11840
1185
1197
1201
1210
12161
1226
124
12770
13074
13320
1335
1343
1347
13542
1356
1369
1377
1387
1388
1405
14537
14839
14957
1556
1557
1582
1590
1616
1631
1661
1709
1723
1792
180
1809
1845
1856
1871
1878
1890
19
1904
1907
1915
1916
1931
1949
1952
1963
1964
1970
1982
2022
2044
2061
2095
2121
2172
2187
2231
2326
235
2359
236
2367
241
2425
2436
2452
247
248
2508
2522
2524
2535
2542
256
2565
2576
2617
2681
273
2741
2775
281
2819
2838
2853
2857
2864
2913
2944
2968
2973
2975
2998
3001
3044
3046
3047
3048
3067
3068
307
3076
3082
3084
3110
312
3132
3137
3174
3189
3259
327
3282
3314
3323
3329
3330
3332
3334
3335
3349
336
3401
341
3411
342
3429
3440
3445
3482
353
3533
3554
3584
3612
3666
3690
3830
3843
3847
3855
3902
3904
3906
3931
3949
395
3973
3980
3995
4026
4039
4047
4051
4057
4088
4093
411
4129
4131
4170
4171
4172
4188
4232
425
4315
4333
4367
4386
4478
4490
4549
4552
4593
4595
4600
4604
4633
4638
4654
4664
4666
4678
4682
4689
4696
4709
4714
4717
4719
4739
4768
4778
4781
4783
4822
4825
4845
4867
4903
4905
4983
4988
5056
5057
5123
5125
516
5160
5167
5169
518
5185
5190
5201
5223
5244
5266
5268
5273
5279
5281
5288
5292
5330
5338
5363
5376
5408
543
5467
5508
5531
5542
5553
5561
5570
5610
5611
5630
5636
5639
5648
5683
5778
5779
5785
5800
5818
5819
5826
5841
5847
5858
5861
5866
5905
5909
5954
5972
6006
6023
6060
6079
6083
6114
6142
6153
6201
6209
6221
6264
6269
6296
6301
6338
6339
6359
6399
6404
6406
6413
6436
6445
6452
6464
6588
6596
6598
6606
6637
6652
6716
6735
6742
6746
6751
6757
677
6866
6926
6981
7020
7027
7080
7087
7100
7196
7394
7500
7531
7534
7543
7562
7571
7599
7643
7652
7662
7710
7771
7792
7802
8138
8141
8149
8197
8200
8212
8214
8244
8246
8273
8319
835
8440
8516
855
856
857
8597
8688
8696
873
8856
8902
913
924
926
9348
9356
942
943
9473
952
953
969
9718
9801
988
999
