1026
10391
1052
106
10621
1094
11885
12164
12179
12327
12761
12823
12849
13120
13247
1395
13963
1406
14211
14688
1478
14818
14959
1503
15484
1553
15531
15696
1611
1656
1674
1675
1680
1686
1711
1724
1731
1777
1839
193
1932
1940
2007
2008
2012
2025
211
2175
2190
2264
2278
228
2286
2352
2382
2406
242
246
2499
2511
2530
254
2585
2618
2620
2626
2633
2635
2648
2683
2688
271
2777
2925
2947
2970
2993
3017
3019
3031
3065
3078
3115
3121
3164
3169
3199
3204
3285
3337
3338
3342
3347
3364
338
3386
3390
3421
3435
3441
3452
3507
3514
354
3553
3571
3592
3615
3694
3735
3770
3798
4016
4027
4041
4077
4084
4125
4156
4158
4162
4209
4238
4246
4259
4275
4289
4296
4298
4340
4365
44
4429
4513
4525
4569
4590
4632
4637
4662
4713
4735
4742
475
4809
4829
4835
4848
489
49
4951
4962
5
5003
501
502
5033
5037
5061
5146
5154
5176
5181
5189
5193
522
5241
5274
5285
5290
5394
5404
5439
5458
5499
5507
5518
5640
5684
5692
5752
5786
5796
5810
5811
5895
5908
5941
5964
5998
6046
6111
6125
6163
6265
6357
6426
6450
6535
6543
6585
6593
6656
6720
6941
6952
6976
7036
704
7135
7159
718
7207
7312
742
7521
7537
7600
7626
7633
7669
7716
7769
7804
7907
8080
8102
8106
8151
8156
8158
8173
8174
8186
8198
8554
8592
8596
8599
8602
8608
8624
8635
8637
8662
8675
8749
894
915
9479
9604
97
9906
991
