1022
10388
10395
10539
10559
10588
10641
10717
10803
1088
1112
11251
11694
11911
12081
1215
12162
12174
12249
12270
1257
127
1273
12768
12924
1295
1299
1306
13162
13179
13235
136
13688
1396
1399
1421
14360
144
14491
1457
1499
1533
1560
1570
15710
1588
1623
1640
1652
1692
1772
1811
1843
1863
1875
1882
1901
1902
1909
191
1926
194
1943
1948
1951
1967
197
1976
1980
1983
1990
2003
2046
2074
2191
221
2217
2223
2232
2310
2354
237
2383
2417
2449
2456
2515
2517
2521
253
2601
2697
2727
2747
2749
2765
2767
2828
2848
2862
2922
2955
2957
2958
2959
296
2966
2971
2985
2996
3002
3003
3015
3020
3028
3138
3145
3191
3217
3222
3256
3267
3272
3292
3303
3306
3324
3358
3389
3430
3433
3442
3446
3455
3461
3473
3483
349
3493
3509
3512
352
3526
3532
3535
3556
3563
3572
3593
3594
3609
368
3737
3796
3869
3881
3955
3979
3981
3985
4028
4031
4038
4048
4049
4061
4078
4090
4115
4133
4139
4174
4203
4314
4328
4345
4356
4382
4425
4453
4467
4474
4481
4524
4576
4584
4599
4609
4616
4617
4629
4640
4671
4680
47
4703
4711
4712
4720
4740
4882
4939
4953
4987
5070
5109
5116
5118
5119
5150
5156
5171
5183
5191
5206
5220
5232
5236
5269
5270
5271
5277
5278
5280
5360
5371
5383
5412
57
5717
5734
5850
5852
5870
59
5933
5945
5973
6
6081
6086
6108
6119
6127
6137
6166
6169
6177
6184
6208
6253
6259
6267
6326
6348
6386
6400
6432
6531
6541
6576
6578
6626
6714
6722
6744
6882
6945
6954
6959
6964
7011
7043
708
7103
7119
7313
7375
7429
7460
7477
7538
7559
7568
7587
7614
7628
7632
7640
7642
791
7959
7961
8009
8029
8044
8109
8132
8135
8153
8159
8188
8189
8240
8252
8421
843
872
874
8744
8795
8950
903
918
925
930
9314
9362
945
