10043
1008
1022
10302
10388
10394
10452
1052
10539
10559
1057
10582
10620
10627
10641
1067
1069
10717
10748
10797
10803
1088
1094
1112
11271
1131
11385
1154
11587
11813
1185
11885
1197
1201
1210
1215
12249
1226
124
127
1273
12770
12924
1295
1306
13179
13235
1335
1343
1347
1356
1369
1377
1387
1388
1395
1396
1399
1405
1406
144
14491
1457
14957
1533
1556
1557
1560
1570
1582
1590
1616
1623
1631
1640
1652
1661
1692
1709
1723
1772
1792
180
1809
1845
1856
1871
1878
1890
19
1901
1902
1904
1907
1909
1915
1916
1926
1931
1943
1949
1963
1964
1967
197
1970
1976
1980
1982
1983
1990
2012
2022
2044
2061
2074
2095
2121
2172
2187
2190
2191
221
2217
2231
2232
2310
2326
235
2354
236
2367
237
2382
2383
2417
2425
2436
2449
2452
2456
247
248
2508
2515
2521
2522
2524
253
254
2542
256
2565
2576
2601
2635
2681
273
2741
2747
2749
281
2828
2857
2862
2864
2922
2944
2957
2958
296
2966
2968
2973
2975
2996
3001
3002
3017
3020
3031
3044
3046
3047
3048
3067
3068
307
3076
3082
3084
3110
3115
312
3132
3137
3138
3145
3191
3217
3222
327
3282
3285
3292
3314
3323
3329
3330
3332
3334
3335
3337
3349
3358
336
3401
341
3411
3429
3430
3433
3435
3440
3442
3445
3452
3455
3461
3473
3482
3483
349
3493
352
3526
353
3533
3535
3554
3556
3584
3592
3594
3609
3612
3666
3690
3737
3796
3830
3843
3847
3855
3881
3904
3906
3931
3949
395
3955
3973
3979
3980
3981
3995
4026
4039
4047
4051
4057
4088
4090
4093
411
4129
4131
4170
4171
4188
4209
4232
4246
425
4314
4315
4328
4333
4345
4356
4365
4382
4386
4467
4474
4478
4490
4524
4549
4552
4569
4593
4595
4599
4600
4604
4609
4616
4633
4640
4654
4664
4666
4671
4678
4680
4682
4689
4696
47
4703
4709
4712
4714
4717
4719
4720
4768
4778
4781
4783
4809
4822
4825
4835
4845
4867
4903
4905
4939
4953
4983
4988
501
5056
5057
5061
5109
5116
5118
5119
5123
5125
5150
5156
516
5160
5167
5169
518
5185
5190
5191
5201
5206
5223
5232
5244
5266
5268
5269
5270
5271
5273
5277
5279
5281
5285
5288
5292
5330
5338
5360
5363
5376
5394
5408
5412
543
5467
5531
5553
5561
5570
5610
5611
5630
5636
5639
5648
57
5717
5734
5786
5800
5818
5819
5841
5847
5852
5861
5870
5895
5905
5909
5933
5945
5954
5972
6006
6023
6060
6079
6081
6083
6086
6108
6114
6137
6142
6153
6166
6184
6201
6209
6221
6253
6269
6296
6301
6326
6339
6348
6359
6399
6400
6406
6413
6426
6432
6436
6445
6452
6531
6541
6576
6593
6596
6606
6637
6652
6716
6735
6742
6746
6751
6757
677
6866
6926
6941
6954
6959
6981
7020
7027
708
7080
7100
7119
7196
7313
7394
7429
7460
7531
7534
7538
7543
7559
7562
7568
7571
7587
7599
7614
7632
7640
7652
7710
7771
7792
7802
7907
7959
8009
8044
8135
8138
8141
8149
8153
8159
8189
8200
8214
8244
8252
8273
8319
843
8440
8516
855
857
8597
8675
873
8749
8795
8856
8902
913
918
924
925
926
930
9362
942
943
945
9473
952
953
969
9718
9801
988
9906
999
