1026
10391
10395
10588
106
10621
11251
11694
11840
11911
12081
12161
12162
12164
12174
12179
12270
12327
1257
12761
12768
12823
12849
1299
13074
13120
13162
13247
13320
13542
136
13688
13963
1421
14211
14360
14537
14688
1478
14818
14839
14959
1499
1503
15484
1553
15531
15696
15710
1588
1611
1656
1674
1675
1680
1686
1711
1724
1731
1777
1811
1839
1843
1863
1875
1882
191
193
1932
194
1940
1948
1951
1952
2003
2007
2008
2025
2046
211
2175
2223
2264
2278
228
2286
2352
2359
2406
241
242
246
2499
2511
2517
2530
2535
2585
2617
2618
2620
2626
2633
2648
2683
2688
2697
271
2727
2765
2767
2775
2777
2819
2838
2848
2853
2913
2925
2947
2955
2959
2970
2971
2985
2993
2998
3003
3015
3019
3028
3065
3078
3121
3164
3169
3174
3189
3199
3204
3256
3259
3267
3272
3303
3306
3324
3338
3342
3347
3364
338
3386
3389
3390
342
3421
3441
3446
3507
3509
3512
3514
3532
354
3553
3563
3571
3572
3593
3615
368
3694
3735
3770
3798
3869
3902
3985
4016
4027
4028
4031
4038
4041
4048
4049
4061
4077
4078
4084
4115
4125
4133
4139
4156
4158
4162
4172
4174
4203
4238
4259
4275
4289
4296
4298
4340
4367
44
4425
4429
4453
4481
4513
4525
4576
4584
4590
4617
4629
4632
4637
4638
4662
4711
4713
4735
4739
4740
4742
475
4829
4848
4882
489
49
4951
4962
4987
5
5003
502
5033
5037
5070
5146
5154
5171
5176
5181
5183
5189
5193
522
5220
5236
5241
5274
5278
5280
5290
5371
5383
5404
5439
5458
5499
5507
5508
5518
5542
5640
5683
5684
5692
5752
5778
5779
5785
5796
5810
5811
5826
5850
5858
5866
59
5908
5941
5964
5973
5998
6
6046
6111
6119
6125
6127
6163
6169
6177
6208
6259
6264
6265
6267
6338
6357
6386
6404
6450
6464
6535
6543
6578
6585
6588
6598
6626
6656
6714
6720
6722
6744
6882
6945
6952
6964
6976
7011
7036
704
7043
7087
7103
7135
7159
718
7207
7312
7375
742
7477
7500
7521
7537
7600
7626
7628
7633
7642
7643
7662
7669
7716
7769
7804
791
7961
8029
8080
8102
8106
8109
8132
8151
8156
8158
8173
8174
8186
8188
8197
8198
8212
8240
8246
835
8421
8554
856
8592
8596
8599
8602
8608
8624
8635
8637
8662
8688
8696
872
874
8744
894
8950
903
915
9314
9348
9356
9479
9604
97
991
