179
209
213
929
1147
1550
1681
2529
2555
3024
3411
3593
4486
4548
4555
4573
4741
5145
5194
5231
5238
5245
5260
5318
5375
5378
5389
5490
5523
5830
6385
6406
6920
6965
6982
7177
7314
7580
7584
7590
7591
8119
8164
8211
8694
8726
8746
9165
9294
9433
9824
9829
10260
10261
10377
10384
10385
10553
10567
10724
11197
11894
12080
12464
12771
13007
13172
13333
14770
14891
14918
16103
16108
16118
16134
16158
16226
16241
16268
16415
16740
16783
16950
17027
17085
17098
17128
17143
17161
17185
17193
17239
17385
17402
17432
17434
17442
17970
18001
18374
18987
18993
19000
19005
19079
19081
19513
19625
19653
20247
21130
21532
