9
11
12
13
14
18
23
24
27
36
37
38
40
41
50
53
56
64
65
66
71
74
82
83
85
86
87
89
93
98
108
113
123
126
129
130
138
139
140
142
143
145
146
147
151
152
160
163
164
165
166
167
168
169
183
187
196
201
202
210
212
214
279
299
317
345
356
378
381
388
390
392
396
399
404
405
406
407
409
410
420
422
423
435
438
439
449
455
456
461
464
466
470
473
480
483
484
490
494
506
508
509
512
513
514
517
521
524
528
529
530
531
533
534
535
536
538
539
541
546
548
552
554
555
557
560
680
686
687
689
690
691
692
693
695
696
698
699
700
701
702
707
715
722
728
730
731
734
739
743
756
758
773
774
776
778
780
781
783
811
817
818
828
837
846
848
852
859
861
865
866
868
879
883
886
887
899
920
921
922
938
949
958
968
971
976
981
983
984
986
988
995
998
1003
1007
1009
1010
1011
1013
1015
1016
1017
1019
1024
1033
1044
1047
1059
1063
1065
1066
1070
1071
1080
1084
1087
1090
1091
1096
1101
1105
1108
1109
1111
1117
1122
1124
1128
1134
1135
1137
1138
1143
1152
1157
1160
1167
1169
1170
1173
1176
1177
1178
1181
1182
1188
1191
1192
1193
1198
1200
1205
1208
1225
1229
1234
1239
1244
1245
1251
1252
1258
1260
1264
1265
1269
1271
1277
1283
1284
1285
1287
1288
1293
1298
1301
1311
1313
1314
1315
1317
1320
1322
1326
1327
1328
1339
1341
1342
1344
1345
1351
1355
1359
1360
1363
1364
1366
1367
1375
1378
1379
1381
1382
1384
1391
1404
1414
1420
1428
1433
1434
1435
1438
1445
1446
1449
1452
1456
1460
1461
1466
1467
1469
1471
1483
1488
1492
1494
1496
1498
1502
1508
1524
1525
1526
1527
1528
1529
1532
1536
1541
1543
1545
1546
1554
1555
1563
1564
1566
1567
1568
1569
1571
1572
1575
1585
1586
1602
1608
1610
1620
1633
1638
1639
1642
1643
1644
1648
1650
1651
1653
1655
1657
1658
1677
1682
1688
1689
1696
1706
1708
1714
1716
1718
1722
1727
1732
1734
1747
1751
1752
1758
1759
1763
1764
1765
1767
1768
1769
1783
1794
1797
1803
1814
1816
1820
1824
1837
1846
1849
1853
1860
1861
1872
1873
1877
1917
1919
1924
2001
2005
2016
2020
2026
2028
2029
2033
2035
2042
2047
2048
2049
2055
2056
2061
2065
2079
2089
2092
2099
2101
2108
2109
2112
2116
2122
2130
2133
2136
2137
2148
2149
2153
2154
2157
2163
2166
2167
2173
2176
2182
2188
2193
2194
2196
2198
2203
2205
2211
2212
2213
2216
2221
2227
2230
2234
2236
2238
2249
2252
2253
2259
2260
2265
2266
2270
2273
2275
2276
2279
2290
2298
2303
2304
2307
2308
2309
2312
2316
2320
2332
2333
2335
2337
2338
2339
2340
2342
2346
2347
2348
2350
2353
2357
2366
2370
2377
2379
2380
2385
2386
2391
2393
2396
2397
2398
2402
2405
2409
2421
2428
2429
2433
2435
2437
2440
2458
2459
2460
2471
2478
2479
2482
2483
2484
2488
2490
2492
2494
2496
2504
2513
2518
2519
2539
2544
2548
2549
2558
2560
2561
2562
2566
2567
2568
2569
2579
2580
2584
2587
2590
2591
2593
2602
2608
2611
2613
2619
2630
2645
2649
2658
2659
2663
2664
2666
2667
2671
2674
2677
2687
2691
2693
2695
2700
2708
2711
2718
2720
2722
2723
2729
2742
2748
2750
2751
2752
2754
2756
2757
2761
2771
2772
2773
2779
2781
2787
2789
2792
2797
2800
2801
2803
2806
2807
2809
2820
2825
2826
2827
2834
2836
2839
2849
2850
2856
2866
2873
2877
2886
2887
2890
2908
2912
2915
2916
2918
2919
2920
2928
2929
2930
2938
2960
2961
2962
2963
3008
3026
3037
3062
3077
3080
3091
3117
3118
3161
3194
3242
3243
3247
3254
3258
3269
3271
3273
3275
3343
3344
3359
3380
3382
3405
3420
3456
3463
3466
3468
3474
3476
3480
3481
3486
3490
3497
3505
3517
3538
3543
3545
3557
3564
3569
3575
3578
3579
3580
3582
3585
3597
3598
3601
3602
3603
3604
3605
3613
3619
3620
3623
3624
3626
3629
3630
3631
3633
3634
3637
3643
3647
3649
3651
3667
3668
3669
3672
3674
3676
3680
3681
3688
3695
3697
3699
3713
3721
3730
3734
3738
3740
3742
3743
3750
3751
3755
3757
3760
3763
3764
3765
3768
3771
3772
3774
3777
3782
3784
3785
3786
3787
3788
3801
3806
3807
3808
3817
3831
3840
3841
3846
3850
3851
3853
3857
3858
3860
3865
3867
3870
3872
3874
3875
3884
3886
3890
3893
3894
3895
3899
3900
3903
3905
3908
3909
3917
3922
3937
3944
3946
3951
3952
3954
3958
3968
3971
3977
3989
3994
3996
4000
4012
4014
4015
4019
4021
4023
4025
4029
4065
4067
4074
4075
4081
4085
4087
4089
4092
4094
4097
4098
4100
4105
4106
4111
4120
4123
4132
4141
4142
4143
4144
4149
4155
4157
4160
4169
4175
4176
4177
4178
4184
4185
4189
4192
4193
4194
4205
4210
4216
4218
4219
4220
4223
4228
4232
4239
4240
4241
4245
4253
4257
4258
4261
4266
4273
4276
4279
4285
4286
4288
4291
4292
4302
4304
4307
4313
4318
4327
4330
4331
4337
4338
4341
4344
4346
4347
4351
4353
4357
4358
4361
4363
4364
4370
4372
4374
4376
4378
4380
4384
4385
4387
4388
4389
4397
4398
4399
4404
4410
4412
4419
4420
4433
4437
4438
4439
4440
4446
4451
4452
4454
4457
4459
4460
4468
4472
4475
4476
4494
4498
4504
4505
4517
4521
4523
4551
4554
4560
4562
4574
4581
4583
4585
4610
4613
4620
4621
4644
4649
4652
4657
4687
4691
4692
4695
4729
4732
4745
4747
4751
4755
4756
4759
4765
4773
4775
4776
4777
4779
4780
4782
4788
4791
4792
4794
4795
4796
4797
4801
4803
4804
4805
4810
4814
4819
4820
4821
4827
4843
4892
4900
4901
4911
4914
4920
4922
4930
4934
4954
4956
4960
4972
4974
4990
4991
4998
4999
5012
5013
5015
5018
5021
5029
5034
5042
5043
5046
5048
5050
5051
5053
5054
5055
5058
5062
5068
5071
5072
5076
5078
5083
5084
5085
5086
5089
5090
5092
5095
5100
5105
5114
5126
5128
5172
5188
5210
5219
5222
5228
5250
5257
5264
5276
5283
5295
5296
5297
5300
5308
5312
5313
5314
5316
5317
5321
5326
5327
5328
5339
5342
5345
5346
5351
5354
5355
5356
5358
5359
5366
5367
5377
5385
5390
5402
5407
5410
5414
5415
5416
5417
5422
5423
5426
5429
5431
5437
5438
5440
5443
5444
5451
5452
5454
5456
5461
5464
5470
5473
5474
5475
5483
5492
5494
5495
5496
5500
5501
5502
5511
5522
5525
5528
5530
5532
5535
5537
5538
5540
5543
5544
5545
5546
5549
5555
5556
5563
5565
5566
5568
5571
5572
5573
5575
5576
5579
5582
5583
5585
5586
5592
5593
5594
5595
5600
5602
5603
5604
5617
5620
5624
5627
5629
5632
5644
5647
5650
5654
5657
5658
5660
5662
5663
5669
5677
5678
5679
5680
5682
5687
5688
5689
5694
5701
5707
5711
5712
5715
5716
5719
5720
5721
5722
5723
5725
5727
5729
5731
5737
5738
5741
5742
5743
5744
5746
5749
5758
5787
5815
5822
5894
5898
5901
5906
5911
5912
5913
5914
5922
5925
5926
5930
5931
5935
5938
5950
5951
5960
5965
5967
5968
5969
5976
5982
5984
5991
5993
5994
6005
6010
6013
6014
6017
6018
6033
6035
6041
6042
6043
6047
6048
6051
6054
6055
6073
6075
6078
6084
6088
6094
6102
6104
6105
6106
6107
6113
6115
6123
6129
6130
6134
6138
6146
6147
6149
6154
6155
6165
6172
6173
6175
6179
6181
6185
6186
6187
6198
6202
6204
6205
6211
6213
6214
6215
6220
6222
6227
6231
6232
6233
6234
6235
6240
6242
6243
6244
6248
6252
6254
6257
6271
6273
6274
6275
6279
6280
6283
6287
6288
6293
6295
6297
6298
6299
6305
6306
6309
6310
6311
6312
6313
6323
6324
6325
6333
6335
6341
6347
6349
6353
6355
6356
6358
6372
6376
6419
6420
6434
6437
6438
6440
6447
6454
6455
6456
6457
6458
6459
6460
6461
6465
6466
6471
6474
6475
6476
6478
6481
6485
6491
6495
6496
6500
6503
6504
6505
6506
6507
6509
6514
6520
6521
6522
6523
6524
6525
6528
6529
6532
6533
6534
6539
6540
6542
6547
6549
6551
6552
6559
6568
6572
6573
6575
6577
6581
6583
6584
6586
6590
6591
6592
6594
6597
6601
6607
6609
6611
6612
6620
6622
6629
6635
6636
6641
6642
6647
6653
6661
6668
6669
6670
6672
6673
6674
6679
6680
6681
6683
6684
6685
6686
6687
6696
6699
6701
6705
6708
6709
6711
6713
6721
6723
6726
6729
6730
6732
6733
6734
6737
6738
6739
6740
6741
6742
6743
6747
6748
6752
6759
6761
6762
6763
6765
6770
6771
6773
6774
6776
6777
6778
6779
6783
6784
6785
6787
6790
6794
6797
6799
6801
6802
6809
6813
6814
6816
6825
6827
6830
6831
6837
6840
6848
6850
6852
6859
6860
6861
6862
6863
6864
6865
6875
6877
6880
6881
6894
6907
6917
6931
6969
6972
6986
6999
7000
7001
7003
7008
7048
7052
7058
7060
7061
7063
7064
7066
7072
7073
7074
7075
7076
7077
7078
7079
7083
7085
7092
7096
7102
7106
7107
7113
7115
7120
7123
7128
7132
7133
7139
7141
7146
7148
7155
7157
7158
7167
7174
7184
7185
7189
7190
7191
7192
7193
7208
7209
7212
7216
7217
7226
7229
7235
7244
7245
7250
7256
7259
7261
7264
7266
7267
7272
7275
7276
7277
7278
7279
7286
7297
7302
7317
7320
7322
7329
7330
7331
7332
7338
7339
7341
7346
7349
7358
7359
7363
7366
7379
7381
7382
7385
7388
7398
7404
7410
7413
7424
7427
7432
7438
7439
7441
7442
7443
7444
7449
7455
7459
7462
7465
7466
7468
7472
7474
7476
7481
7483
7487
7488
7491
7495
7498
7505
7508
7514
7516
7517
7518
7519
7520
7541
7544
7576
7609
7620
7621
7622
7631
7634
7636
7647
7657
7673
7676
7681
7682
7686
7687
7690
7694
7696
7702
7707
7709
7722
7723
7725
7726
7728
7730
7732
7734
7735
7736
7738
7739
7742
7743
7746
7752
7755
7757
7761
7762
7763
7766
7768
7774
7776
7782
7790
7797
7805
7821
7826
7828
7830
7835
7836
7837
7838
7840
7841
7843
7845
7848
7850
7851
7857
7858
7859
7861
7864
7866
7869
7870
7871
7872
7874
7875
7876
7878
7879
7880
7881
7883
7884
7887
7893
7894
7901
7902
7903
7904
7913
7914
7918
7922
7927
7939
7942
7948
7949
7953
7954
7955
7956
7958
7970
7974
7975
7979
7987
7990
7991
7994
8000
8001
8005
8007
8011
8012
8016
8017
8022
8025
8026
8027
8028
8030
8032
8036
8039
8045
8047
8048
8050
8051
8056
8087
8094
8096
8120
8125
8155
8162
8163
8169
8177
8218
8219
8221
8223
8226
8227
8229
8236
8245
8253
8254
8258
8262
8269
8270
8275
8276
8286
8289
8291
8292
8294
8296
8297
8300
8311
8313
8314
8317
8318
8320
8322
8334
8335
8337
8338
8339
8340
8349
8350
8364
8366
8378
8388
8391
8394
8399
8407
8409
8424
8425
8426
8435
8447
8448
8449
8454
8457
8458
8475
8479
8480
8481
8487
8488
8489
8490
8491
8501
8502
8506
8510
8513
8520
8521
8526
8528
8530
8533
8534
8540
8541
8545
8547
8555
8556
8559
8561
8562
8565
8569
8577
8579
8580
8581
8582
8595
8600
8609
8611
8612
8614
8616
8619
8630
8632
8643
8644
8665
8668
8702
8707
8708
8716
8722
8724
8731
8732
8733
8736
8738
8740
8741
8742
8745
8750
8761
8767
8768
8777
8784
8785
8788
8791
8793
8794
8797
8799
8806
8808
8810
8814
8820
8826
8837
8846
8858
8859
8860
8861
8863
8865
8866
8868
8879
8890
8892
8893
8898
8899
8902
8905
8908
8912
8915
8925
8928
8930
8935
8940
8946
8956
8959
8964
8965
8968
8969
8970
8971
8972
8974
8976
8979
8981
8985
8986
8992
8995
8997
8999
9003
9029
9030
9034
9036
9040
9044
9048
9049
9053
9056
9066
9072
9073
9074
9091
9097
9101
9103
9111
9112
9113
9115
9116
9117
9127
9139
9142
9158
9159
9160
9161
9175
9177
9181
9182
9187
9189
9192
9202
9206
9228
9229
9231
9232
9235
9237
9238
9240
9242
9250
9255
9260
9263
9266
9267
9268
9270
9271
9272
9273
9274
9278
9280
9284
9287
9301
9306
9311
9312
9313
9316
9328
9330
9333
9334
9335
9337
9339
9346
9352
9354
9364
9366
9369
9371
9372
9373
9378
9383
9385
9388
9389
9399
9403
9405
9408
9413
9414
9417
9422
9425
9426
9427
9428
9429
9437
9438
9441
9444
9463
9465
9475
9477
9478
9484
9486
9488
9491
9502
9503
9505
9511
9519
9525
9530
9531
9543
9547
9549
9551
9556
9558
9560
9562
9563
9566
9572
9576
9577
9578
9580
9587
9588
9590
9598
9599
9605
9606
9610
9611
9612
9613
9618
9625
9641
9647
9652
9671
9678
9682
9706
9707
9723
9728
9734
9736
9741
9744
9760
9761
9771
9804
9807
9810
9815
9818
9825
9827
9837
9839
9860
9861
9868
9869
9874
9875
9878
9884
9894
9896
9901
9902
9904
9909
9914
9927
9930
9934
9936
9937
9939
9940
9952
9956
9959
9961
9963
9964
9965
9967
9970
9973
9981
9985
9992
9993
9994
9995
10000
10002
10008
10023
10027
10032
10035
10037
10040
10041
10046
10050
10053
10054
10057
10061
10064
10067
10068
10073
10074
10076
10083
10085
10089
10090
10092
10094
10095
10096
10097
10099
10105
10108
10109
10110
10112
10114
10115
10119
10130
10140
10162
10163
10165
10173
10174
10180
10181
10185
10186
10196
10197
10201
10207
10208
10211
10215
10218
10222
10225
10227
10231
10233
10235
10237
10240
10242
10243
10245
10253
10254
10272
10280
10281
10282
10284
10291
10292
10318
10328
10338
10342
10349
10381
10387
10390
10393
10398
10401
10402
10411
10412
10427
10430
10431
10432
10436
10439
10440
10445
10447
10459
10470
10472
10478
10484
10498
10499
10500
10509
10515
10524
10529
10532
10534
10536
10538
10542
10544
10547
10548
10556
10561
10564
10565
10566
10573
10597
10598
10599
10600
10601
10609
10610
10611
10612
10644
10648
10685
10688
10699
10702
10703
10715
10738
10743
10790
10805
10817
10822
10826
10832
10833
10839
10840
10841
10847
10851
10853
10855
10856
10870
10877
10879
10884
10885
10891
10893
10894
10897
10904
10907
10917
10919
10921
10922
10923
10924
10925
10926
10943
10944
10946
10963
10964
10966
10972
10973
10974
10980
10983
10999
11015
11018
11019
11027
11028
11031
11034
11035
11036
11046
11047
11049
11057
11058
11060
11087
11090
11098
11105
11106
11109
11111
11112
11115
11123
11124
11128
11132
11145
11153
11154
11156
11158
11168
11171
11181
11196
11205
11211
11220
11221
11227
11232
11241
11243
11249
11270
11272
11277
11282
11283
11300
11301
11302
11305
11306
11307
11308
11317
11320
11333
11335
11336
11338
11340
11354
11358
11359
11370
11377
11381
11388
11394
11395
11400
11407
11413
11416
11418
11424
11428
11429
11433
11435
11440
11443
11451
11452
11470
11475
11476
11478
11479
11481
11490
11494
11497
11499
11500
11501
11503
11506
11510
11528
11529
11540
11543
11549
11564
11565
11566
11567
11568
11569
11570
11571
11572
11575
11578
11588
11614
11617
11621
11622
11628
11629
11630
11633
11635
11636
11637
11643
11644
11649
11663
11664
11666
11667
11668
11674
11682
11683
11684
11685
11687
11689
11690
11696
11697
11700
11701
11702
11705
11708
11711
11713
11714
11717
11721
11724
11725
11726
11727
11728
11730
11733
11736
11750
11752
11754
11756
11758
11773
11787
11802
11850
11855
11856
11859
11877
11878
11879
11883
11884
11896
11898
11904
11908
11918
11925
11930
11933
11947
11966
11967
11976
11977
11978
11979
11980
11983
11990
11993
11994
12001
12005
12014
12017
12022
12031
12033
12035
12036
12042
12044
12045
12048
12050
12059
12061
12063
12064
12067
12077
12078
12079
12085
12098
12110
12114
12115
12119
12128
12149
12150
12153
12154
12155
12159
12163
12166
12169
12176
12182
12184
12185
12187
12201
12202
12204
12207
12211
12216
12227
12231
12237
12239
12240
12244
12255
12258
12266
12271
12283
12285
12288
12293
12294
12296
12301
12303
12304
12306
12317
12318
12334
12341
12346
12351
12352
12353
12362
12364
12379
12380
12382
12383
12389
12391
12394
12397
12400
12408
12421
12432
12448
12463
12487
12488
12505
12506
12508
12511
12515
12516
12517
12520
12521
12524
12531
12545
12549
12550
12551
12559
12562
12569
12570
12572
12573
12574
12579
12580
12596
12613
12616
12619
12624
12630
12631
12645
12649
12658
12659
12664
12672
12674
12681
12704
12705
12715
12721
12783
12799
12824
12831
12860
12862
12869
12874
12878
12885
12886
12893
12897
12898
12901
12904
12914
12915
12917
12929
12949
12962
12978
13006
13014
13025
13026
13027
13031
13032
13059
13062
13064
13078
13092
13093
13110
13113
13114
13118
13122
13126
13131
13136
13138
13141
13148
13165
13174
13180
13186
13187
13191
13192
13203
13204
13214
13223
13224
13225
13263
13336
13435
13615
13656
13695
13708
13709
13710
13715
13717
13721
13735
13854
13890
13900
13904
13966
14069
14091
14093
14103
14166
14168
14180
14182
14282
14285
14300
14310
14314
14316
14324
14388
14393
14402
14417
14427
14516
14517
14524
14525
14539
14540
14544
14545
14547
14549
14550
14551
14569
14586
14622
14629
14630
14646
14666
14672
14697
14729
14744
14751
14752
14755
14761
14859
14860
14872
14873
14875
14876
14899
14903
14911
14926
14930
14933
14934
14954
14958
14960
14962
14963
14965
14967
14968
14969
14970
14971
14975
14981
14983
14984
14985
14993
14995
14998
15000
15002
15005
15006
15011
15012
15016
15020
15023
15026
15027
15028
15029
15032
15046
15053
15055
15056
15062
15063
15065
15067
15070
15074
15077
15078
15079
15082
15090
15093
15094
15103
15104
15107
15109
15110
15118
15120
15121
15126
15130
15136
15141
15144
15145
15152
15153
15157
15162
15172
15175
15180
15185
15188
15189
15190
15193
15194
15197
15205
15207
15208
15211
15213
15221
15222
15226
15227
15233
15238
15240
15243
15247
15250
15258
15259
15263
15265
15270
15274
15278
15280
15283
15292
15295
15296
15299
15300
15307
15309
15312
15314
15315
15321
15324
15325
15326
15327
15336
15345
15348
15354
15356
15359
15379
15380
15383
15387
15389
15391
15396
15397
15406
15413
15417
15427
15429
15438
15451
15457
15459
15476
15477
15478
15482
15489
15494
15495
15496
15511
15515
15521
15528
15535
15547
15548
15553
15558
15559
15566
15569
15570
15581
15583
15585
15590
15593
15594
15597
15598
15601
15602
15613
15626
15632
15634
15637
15640
15641
15651
15655
15667
15668
15669
15674
15679
15680
15688
15691
15692
15695
15702
15703
15704
15707
15708
15709
15715
15719
15723
15729
15732
15733
15736
15749
15753
15757
15759
15762
15769
15772
15777
15780
15782
15790
15797
15800
15801
15807
15808
15819
15821
15822
15823
15832
15833
15834
15841
15851
15852
15867
15878
15881
15886
15888
15889
15896
15897
15899
15901
15902
15908
15909
15913
15930
15933
15934
15937
15944
15959
15967
15969
15979
15980
15981
15984
15985
16003
16013
16015
16016
16022
16023
16030
16045
16055
16086
16112
16119
16140
16141
16170
16172
16175
16202
16206
16207
16219
16221
16228
16230
16234
16244
16246
16252
16260
16262
16263
16264
16266
16269
16275
16278
16283
16284
16288
16291
16294
16297
16299
16300
16301
16303
16311
16312
16315
16317
16319
16324
16336
16337
16339
16342
16343
16346
16347
16348
16350
16354
16360
16363
16365
16367
16369
16371
16372
16374
16376
16377
16380
16385
16386
16388
16390
16392
16393
16394
16396
16399
16400
16401
16402
16405
16410
16417
16418
16421
16422
16424
16426
16428
16430
16432
16434
16437
16440
16441
16448
16454
16458
16461
16468
16469
16470
16471
16472
16473
16476
16478
16480
16481
16483
16486
16487
16488
16490
16492
16495
16496
16502
16518
16522
16527
16530
16533
16538
16539
16545
16546
16549
16551
16554
16561
16568
16569
16574
16584
16585
16587
16588
16590
16592
16598
16599
16600
16602
16606
16608
16610
16611
16615
16619
16623
16625
16626
16628
16633
16635
16638
16641
16642
16644
16645
16653
16654
16655
16662
16664
16665
16668
16670
16672
16678
16679
16687
16698
16705
16708
16711
16715
16717
16719
16725
16726
16735
16792
16795
16797
16798
16799
16800
16801
16802
16803
16804
16806
16807
16808
16809
16810
16812
16813
16814
16815
16816
16817
16818
16819
16824
16825
16826
16834
16835
16836
16837
16838
16839
16848
16850
16858
16865
16884
16885
16886
16888
16890
16893
16909
16910
16911
16912
16913
16916
16918
16921
16944
16986
17031
17032
17034
17035
17037
17113
17440
17489
17543
17544
17545
17547
17554
17556
17558
17607
17616
17617
17619
17630
17655
17660
17661
17672
17685
17703
17712
17751
17753
17773
17788
17791
17795
17802
17808
17811
17834
17848
17887
17900
17901
17922
17964
17965
17967
17972
17975
17988
18028
18048
18052
18062
18065
18068
18096
18120
18152
18155
18158
18166
18180
18242
18243
18249
18258
18283
18294
18303
18307
18308
18309
18326
18354
18355
18481
18483
18495
18497
18514
18563
18591
18602
18606
18610
18627
18646
18648
18699
18703
18708
18713
18718
18719
18721
18732
18769
18779
18816
18828
18830
18832
18870
18875
18953
18955
18997
19009
19029
19045
19053
19142
19170
19171
19174
19178
19254
19267
19304
19308
19357
19365
19374
19375
19410
19422
19424
19427
19440
19450
19459
19466
19474
19475
19515
19561
19562
19571
19639
19642
19644
19647
19648
19650
19651
19655
19657
19667
19674
19680
19704
19710
19712
19723
19742
19745
19761
19784
19787
19788
19790
19803
19812
19815
19850
19854
19862
19865
19887
19915
19933
19957
19966
19978
20105
20112
20117
20118
20119
20129
20132
20135
20138
20140
20151
20161
20165
20166
20168
20170
20174
20176
20180
20181
20187
20189
20191
20195
20206
20207
20213
20214
20215
20217
20220
20221
20223
20226
20228
20233
20234
20235
20237
20241
20249
20251
20252
20255
20256
20257
20266
20269
20273
20274
20278
20279
20284
20286
20291
20299
20300
20302
20304
20308
20309
20310
20314
20319
20324
20332
20334
20337
20339
20340
20344
20353
20357
20358
20363
20364
20365
20367
20368
20370
20371
20372
20373
20374
20376
20378
20380
20381
20384
20385
20386
20388
20391
20392
20393
20395
20400
20401
20407
20412
20414
20415
20419
20421
20432
20438
20440
20442
20443
20446
20448
20450
20453
20455
20463
20468
20470
20471
20473
20476
20479
20480
20488
20490
20493
20494
20497
20498
20499
20502
20507
20514
20515
20517
20523
20527
20529
20531
20533
20535
20545
20546
20548
20557
20558
20561
20562
20564
20566
20567
20569
20583
20586
20593
20596
20598
20600
20605
20606
20628
20630
20634
20639
20640
20646
20648
20650
20651
20652
20654
20655
20657
20658
20660
20668
20669
20670
20671
20672
20673
20680
20685
20695
20706
20708
20711
20712
20715
20728
20735
20736
20746
20747
20753
20767
20768
20770
20771
20773
20776
20779
20784
20791
20793
20794
20798
20800
20801
20802
20803
20804
20807
20812
20813
20814
20817
20822
20825
20826
20833
20836
20837
20838
20879
20883
20885
20888
20894
20896
20900
20904
20910
20913
20915
20918
20920
20926
20927
20930
20931
20932
20937
20938
20943
20947
20949
20954
20968
20969
20972
20973
20974
20975
20976
20979
20983
20984
20988
21012
21014
21016
21017
21022
21028
21032
21034
21036
21037
21038
21042
21044
21045
21047
21049
21053
21055
21077
21081
21095
21100
21103
21105
21106
21109
21112
21113
21114
21117
21132
21135
21136
21142
21146
21148
21164
21165
21166
21173
21175
21176
21178
21179
21181
21182
21189
21190
21191
21192
21193
21194
21195
21196
21199
21203
21205
21206
21208
21209
21211
21212
21214
21215
21218
21219
21221
21222
21224
21227
21232
21233
21234
21236
21237
21238
21240
21242
21244
21248
21252
21254
21255
21256
21257
21259
21260
21262
21264
21265
21266
21271
21272
21275
21281
21283
21286
21295
21298
21300
21302
21308
21315
21322
21324
21325
21330
21336
21337
21346
21350
21352
21354
21356
21359
21360
21362
21372
21373
21378
21385
21386
21388
21403
21405
21406
21412
21413
21414
21415
21416
21430
21431
21435
21436
21437
21441
21447
21448
21451
21453
21455
21460
21474
21479
21480
21488
21489
21490
21551
21553
