179
209
227
843
1049
1058
1068
1102
1272
1611
1858
1959
2197
2278
2618
2709
2843
2965
3019
3024
3031
3065
3246
3351
3352
3411
3800
3838
4080
4165
4297
4548
4573
4625
4944
5206
5271
5447
5453
5458
5472
5783
5803
5804
5805
5807
5849
5879
5980
5985
6037
6197
6384
6406
6416
6417
6427
6494
6593
6621
6758
6942
6943
6959
7032
7222
7581
7583
8111
8135
8153
8164
8172
8173
8347
8453
8746
9196
9769
10135
10289
10340
10531
10827
11083
11191
11291
11327
11356
11776
11789
11795
11882
11949
12461
12576
12771
12788
12986
13234
13258
13274
13278
13289
14891
15551
16108
16158
16171
16196
16197
16201
16226
16268
16948
16987
17018
17085
17119
17143
17144
17152
17157
17172
17185
17190
17206
17222
17352
17372
17385
17391
17401
17402
17406
17883
17896
17906
17970
18009
18095
18423
18433
18455
18490
18911
18985
18987
18990
18991
18993
18994
18995
18996
19000
19004
19005
19017
19061
19075
19478
21368
21525
