309
314
448
488
697
1072
1082
1607
1897
1918
1942
2073
2411
2559
2762
2782
2785
2880
2983
3322
3327
3574
3625
3646
3704
3793
3997
4058
4066
4407
4648
4708
4816
5209
5255
5323
5481
5526
5541
5558
5564
5567
5932
5958
6218
6658
6872
6957
6985
7023
7088
7166
7629
7645
7775
7823
7985
8068
8331
8757
8854
8857
8877
8948
9104
9190
9453
9489
9799
9853
9866
10214
10216
10485
10546
10662
10811
10868
10969
10994
11627
11638
11830
11839
11852
12442
12796
12963
12987
13116
13690
13757
13791
14572
14842
15411
15471
15481
15803
15811
16009
16149
16162
16212
16248
16286
16589
16604
16971
17011
17122
17163
17224
17264
17273
17285
17457
17622
17632
17654
17714
18013
18176
18387
18388
18415
19152
19764
19802
19808
20096
20699
21293
21314
21576
