221
225
233
296
307
322
336
341
411
475
519
522
900
901
913
926
942
943
953
999
1008
1078
1112
1120
1125
1154
1421
1427
1503
1553
1560
1724
1931
1943
1967
1971
1976
1982
1995
2022
2064
2155
2228
2358
2576
2601
2626
2678
2683
2697
2709
2725
2925
2952
2966
2979
2996
3002
3006
3007
3020
3043
3044
3060
3068
3087
3088
3092
3103
3111
3121
3122
3128
3131
3133
3134
3137
3164
3192
3219
3253
3283
3292
3360
3365
3371
3448
3449
3493
3504
3524
3528
3534
3539
3542
3702
3762
3825
3982
4005
4090
4131
4188
4275
4298
4409
4449
4455
4458
4483
4484
4499
4602
4656
4682
4720
4763
4783
4822
4881
4925
4944
5127
5232
5235
5237
5241
5277
5290
5336
5344
5404
5439
5779
5814
5836
5861
6044
6046
6091
6156
6176
6178
6197
6350
6352
6359
6362
6364
6365
6366
6369
6398
6399
6400
6406
6426
6452
6453
6483
6531
6543
6764
6922
7031
7159
7207
7310
7313
7321
7460
7499
7538
7559
7562
7564
7571
7587
7599
7614
7638
7652
7716
7764
7769
8103
8135
8137
8144
8145
8147
8153
8168
8182
8184
8194
8247
8299
8343
8344
8401
8673
8677
8723
8802
8884
8951
8991
9012
9137
9138
9164
9216
9261
9361
9656
9675
9701
9730
9735
9784
9841
9848
9855
9943
9972
9988
10091
10156
10246
10277
10397
10464
10503
10545
11083
11200
11238
11244
11263
11314
11365
11422
11425
11660
11716
11746
11776
11817
11820
11831
11848
11858
11861
11900
11903
11907
11913
11934
11940
11941
11960
11989
12010
12016
12019
12027
12040
12073
12084
12091
12101
12102
12112
12122
12125
12131
12147
12183
12197
12229
12235
12246
12251
12259
12260
12274
12278
12302
12316
12333
12336
12337
12396
12398
12406
12410
12418
12447
12453
12455
12456
12469
12470
12471
12483
12494
12495
12501
12509
12514
12554
12571
12592
12627
12632
12650
12653
12657
12687
12694
12696
12731
12732
12741
12745
12774
12789
12805
12810
12812
12819
12840
12846
12880
12882
12891
12908
12912
12919
12923
13008
13024
13105
13144
13230
13231
13262
13317
13321
13543
14214
14270
14293
14642
14849
14861
14890
14919
14964
15049
15092
15096
15212
15310
15364
15378
15384
15410
15436
15444
15522
15539
15550
15552
15560
15578
15579
15603
15610
15615
15617
15805
15816
16053
16072
16074
16075
16083
16096
16120
16150
16161
16180
16214
16274
16298
16304
16383
16407
16565
16681
16852
16942
16951
16981
16982
16989
17018
17051
17052
17063
17071
17077
17147
17172
17191
17200
17204
17222
17240
17244
17247
17266
17267
17268
17292
17325
17396
17445
17448
17470
17577
17593
17620
17758
17881
17883
17899
17939
17943
17966
18011
18051
18086
18106
18142
18185
18362
18452
18465
18488
18520
18538
18549
18564
18595
18670
18672
18724
18750
18763
18904
19020
19022
19121
19167
19191
19201
19229
19237
19483
19487
19511
19512
19529
19545
19547
19557
19689
19693
19775
19875
20021
20032
20038
20048
20145
20153
20159
20262
20263
20265
20275
20343
20409
20500
20532
20631
20678
20759
20764
20769
21124
21285
21331
21342
21422
21468
21491
21508
21510
21511
