121
443
798
1110
1372
1393
1398
1557
1772
1970
2168
2226
2389
2448
2495
2572
2594
2851
2881
2978
3057
3084
3278
3318
3339
3340
3595
3901
4022
4101
4206
4503
4514
4564
4577
4631
4636
4833
5009
5031
5333
5400
5445
5487
5812
5896
7101
7921
7924
7962
8008
8574
8705
8744
8800
9060
9290
9585
9754
10124
10616
10857
11914
11957
11961
12257
12332
12372
12376
12594
12595
12603
12618
12737
13149
13380
13382
14434
14483
14858
15237
15254
15290
15504
15532
15642
15798
15949
16009
16236
16255
16316
16379
16519
16564
16947
16980
17090
17165
17176
17319
17358
17390
17399
17424
18373
18482
18676
19269
19555
20462
20511
20620
21367
