30
58
76
77
78
80
81
92
94
95
99
100
101
102
103
109
111
132
133
198
203
216
220
330
830
839
940
1308
1898
1912
1933
2403
2441
2442
2465
2466
2468
2554
2686
2743
2744
2858
2870
2872
2994
3049
3073
3246
3348
3524
3661
3930
4487
4515
4516
4519
4532
4533
4534
4544
4602
4686
4929
4938
5059
5060
5207
5251
5253
5782
5797
5798
5836
6156
6619
6970
7007
7009
7012
7014
7029
7036
7313
7419
7420
7421
7425
7426
7428
7437
7499
7554
7555
7587
7674
7767
7807
7818
7971
7980
8636
8723
9107
9178
9700
9752
10079
10153
10154
10155
10176
10177
10178
10183
10246
10592
10594
10708
10737
10746
10754
10757
11765
12429
12576
12703
12706
12714
12748
12758
12841
13010
13019
13143
13157
13158
13159
13468
13471
13949
13994
14573
14770
15242
15246
15552
15950
15951
15976
15977
15978
15987
15989
15996
16063
16083
16250
16268
16282
16650
16755
16779
16908
16955
17036
17042
17051
17063
17156
17169
17193
17233
17246
17260
17377
17395
17397
18424
18437
18487
18537
18946
19028
19284
19294
19416
20016
20025
20062
20063
