221
247
256
296
307
336
341
411
475
519
522
872
903
913
915
926
942
943
953
999
1008
1088
1112
1154
1421
1457
1503
1514
1533
1553
1560
1724
1811
1916
1926
1931
1943
1949
1967
1976
1982
1983
2022
2025
2178
2181
2190
2286
2327
2352
2354
2406
2452
2565
2576
2601
2623
2626
2633
2678
2683
2697
2765
2966
2993
2996
3001
3002
3020
3031
3044
3060
3065
3067
3068
3076
3121
3137
3159
3164
3222
3267
3292
3338
3411
3419
3421
3433
3435
3442
3461
3482
3483
3493
3514
3526
3532
3533
3535
3554
3584
3593
3612
3666
3694
3729
3735
4038
4088
4090
4093
4131
4139
4170
4188
4275
4293
4298
4616
4633
4666
4675
4680
4682
4703
4709
4712
4720
4768
4783
4809
4822
4829
4882
5070
5176
5181
5183
5190
5193
5201
5204
5206
5223
5232
5241
5269
5271
5277
5279
5280
5290
5336
5338
5344
5360
5394
5404
5412
5434
5439
5778
5779
5811
5814
5819
5841
5858
5861
5905
5909
5945
5998
6044
6046
6083
6108
6137
6338
6357
6359
6394
6399
6400
6426
6445
6452
6531
6543
6576
6945
6981
7020
7027
7036
7043
7080
7100
7159
7204
7207
7312
7313
7375
7394
7429
7460
7538
7559
7562
7568
7571
7587
7599
7614
7628
7652
7669
7710
7716
7764
7769
7804
7950
8064
8074
8097
8098
8145
8147
8153
8168
8182
8189
8194
8199
8234
8247
8299
8302
8309
8563
8578
8584
8586
8587
8588
8590
8591
8597
8605
8607
8621
8629
8641
8657
8658
8664
8670
8674
8678
8710
8714
8723
8728
8735
8760
8796
8845
8884
8922
8984
9007
9022
9054
9055
9061
9079
9118
9120
9128
9129
9131
9132
9134
9138
9149
9162
9164
9166
9170
9213
9214
9216
9217
9218
9220
9222
9224
9261
9282
9295
9299
9361
9377
9498
9534
9535
9656
9681
9686
9689
9698
9699
9701
9720
9727
9730
9745
9753
9764
9781
9783
9784
9792
9797
9848
9851
9852
9855
9857
9862
9864
9871
9880
9923
9946
9955
9957
9975
10048
10075
10081
10091
10136
10191
10263
10308
10321
10323
10337
10340
10344
10354
10356
10357
10358
10359
10364
10368
10370
10382
10416
10418
10475
10503
10546
10606
10617
10618
10622
10633
10636
10638
10650
10651
10652
10653
10654
10657
10658
10659
10660
10661
10679
10681
10684
10689
10696
10704
10710
10718
10731
10734
10736
10749
10751
10755
10756
10762
10766
10769
10770
10771
10773
10774
10780
10782
10796
10804
10807
10808
10809
10859
10864
10913
11000
11059
11103
11120
11135
11193
11200
11203
11209
11212
11228
11234
11238
11244
11256
11263
11281
11284
11297
11322
11365
11417
11430
11447
11450
11551
11734
11753
11764
11772
11774
11776
11783
11794
11798
11820
11832
11844
11864
11938
11944
11946
11972
12121
12136
12145
12177
12183
12396
12406
12410
12413
12416
12418
12422
12437
12447
12453
12456
12470
12471
12494
12501
12522
12523
12554
12588
12593
12601
12607
12650
12653
12654
12673
12693
12741
12745
12780
12785
12789
12791
12795
12801
12806
12812
12815
12819
12840
12842
12877
12923
13053
13243
13244
13245
13261
13270
13315
13398
13404
13512
13524
13530
13531
13544
13552
13660
13739
13831
13869
13903
13919
13949
13950
13958
13988
13994
14034
14055
14150
14178
14207
14655
14686
14757
14767
14770
14777
14779
14785
14849
14861
14890
14913
14919
14931
14964
14987
15048
15212
15234
15253
15364
15375
15378
15431
15436
15442
15444
15448
15449
15450
15452
15453
15460
15510
15522
15523
15527
15539
15615
15621
15625
15636
15656
15677
15689
15694
16004
16006
16009
16053
16066
16067
16068
16069
16072
16106
16111
16133
16143
16161
16177
16180
16188
16189
16190
16213
16251
16285
16331
16383
16565
16743
16744
16754
16770
16903
16942
16948
16951
16954
16976
16977
16978
16982
16993
17005
17018
17041
17044
17047
17058
17063
17064
17065
17066
17068
17069
17072
17078
17088
17089
17126
17138
17141
17147
17196
17200
17202
17204
17205
17208
17209
17210
17211
17213
17230
17231
17240
17244
17248
17258
17265
17266
17267
17268
17270
17283
17284
17293
17296
17300
17306
17307
17308
17313
17320
17322
17325
17343
17363
17367
17370
17382
17395
17396
17397
17409
17420
17428
17523
17577
17620
17742
17748
17871
17877
17915
17930
17952
17980
18010
18012
18050
18051
18086
18136
18142
18185
18360
18363
18370
18404
18422
18445
18452
18461
18625
18668
18674
18724
18750
18763
19021
19023
19028
19040
19061
19201
19229
19237
19418
19489
19537
19541
19689
19693
19869
19989
19991
19993
20001
20009
20012
20013
20068
20071
20080
20081
20082
20083
20087
20089
20259
20263
20343
20347
20348
20377
20496
20500
20631
20678
20764
20795
20858
20862
20868
20893
20907
20922
20925
20941
20948
20958
21023
21122
21128
21138
21151
21157
21163
21172
21202
21277
21303
21323
21339
21343
21422
21468
21477
21496
21508
21510
21511
21512
21521
21535
21539
21542
21556
21561
21573
