176
544
708
1619
1661
1709
2007
2394
2480
2511
2515
2923
3015
3145
3169
3174
3210
3758
3798
4016
4162
4232
4467
4569
4590
4951
4962
5037
5061
5793
6425
6606
6650
6656
6660
6712
6722
6742
6760
6876
6905
7174
7408
7423
8041
8100
8108
8210
8630
8812
8815
8820
9077
9100
9436
9583
9639
9650
10011
10190
10228
10521
10567
11093
11231
11350
11466
11632
12312
12313
12611
12686
12728
12851
13102
13130
13702
14829
15322
15416
16007
16166
16238
16438
16499
16593
16966
17079
17080
17093
17096
17100
17101
17108
17135
17161
17225
17353
17354
17355
17357
17361
17369
17410
17415
17416
17422
17430
17492
17516
17658
17669
17913
18253
18325
18401
18651
18739
18782
18857
18896
18917
18932
19110
19271
19463
19471
20093
20666
21417
