5
6
19
97
180
235
241
253
254
395
425
501
694
742
856
874
1057
1067
1069
1094
1185
1257
1295
1377
1385
1388
1396
1405
1570
1590
1640
1674
1777
1792
1901
1907
1970
2003
2008
2044
2074
2095
2169
2172
2191
2217
2223
2367
2382
2425
2508
2524
2535
2741
2747
2857
2864
3132
3138
3272
3282
3299
3314
3323
3330
3334
3335
3358
3401
3429
3445
3737
3897
3904
3913
4057
4077
4203
4278
4296
4356
4382
4473
4478
4490
4549
4599
4671
4696
5056
5383
5467
5531
5606
5610
5636
5639
5648
6006
6079
6081
6114
6127
6153
6209
6221
6239
6259
6296
6326
6339
6720
6744
6751
6882
6898
6903
6909
6946
6960
7062
7205
7215
7326
7471
7545
7934
7957
8003
8179
8273
8413
8535
8604
8759
8993
9021
9095
9773
9782
9793
9865
10120
10172
10175
10268
10305
10406
10444
10494
10519
10569
10830
10882
10956
11012
11040
11085
11091
11119
11208
11224
11316
11343
11380
11392
11399
11415
11427
11445
11608
11610
11645
11655
11671
11694
11815
11834
11885
11886
12002
12009
12192
12254
12261
12269
12325
12372
12420
12428
12458
12500
12543
12615
12638
12709
12711
12720
12723
12726
12762
12802
12887
12971
13094
13097
13179
13272
13277
13313
13729
13744
13852
13856
14126
14491
14509
14718
14721
14722
14841
15043
15097
15132
15271
15273
15341
15388
15472
15500
15567
15572
15582
15618
15676
15686
15728
15836
15845
15853
15860
15863
15864
15866
15868
15869
15870
15874
15875
15890
15893
15895
15906
15911
15916
15917
15927
15952
16071
16144
16271
16525
16974
17010
17022
17167
17179
17198
17312
17351
17356
17383
17398
17426
17503
17521
17662
17722
17755
17955
17962
18275
18297
18345
18377
18400
18413
18899
18908
19169
19213
19275
19322
19549
19668
19821
20231
20239
20258
20511
20550
20611
20645
20738
21091
21243
