1008
10302
1057
10582
10620
1067
10748
11271
1131
1154
11840
1185
1197
1201
12161
1226
12924
1295
1399
14537
1457
1556
1560
1582
1631
1723
1792
1809
1871
1890
1904
1907
1916
1949
1952
1963
197
1970
1983
2022
2044
2172
2367
247
2524
256
2565
2576
281
2819
2864
2944
2958
2975
3044
3046
3047
3067
3076
3082
3084
3110
3132
3137
3217
327
3282
3292
3314
3323
3329
3330
3334
3349
3358
336
3386
341
3429
3440
3533
3554
3584
3612
3690
3843
3902
3931
3981
4026
4047
4051
4057
4093
411
4115
4131
4171
4172
4188
4333
4478
4490
4569
4600
4604
4640
4654
4671
4678
4682
4717
4719
4720
4768
4778
4783
4822
4825
4845
4939
5056
5156
5160
5181
5190
5191
5201
5206
5266
5271
5279
5288
5330
5338
5360
5376
5412
5467
5531
5561
5610
5611
5778
5818
5841
5858
5861
5905
5909
5945
6006
6079
6081
6083
6142
6153
6209
6221
6399
6452
6576
6596
6637
6652
6742
6751
6757
6866
7020
7027
7080
7100
7196
7531
7543
7559
7568
7571
7599
7652
7802
8009
8149
8197
8200
8214
8273
8319
8516
855
857
8902
926
942
953
969
988
999
