10391
1069
11385
11813
124
12849
13688
1369
1395
1405
1406
14818
1503
1553
15531
15696
1611
1656
1674
1711
1724
1772
19
193
1940
2003
2007
2008
211
2175
2190
2264
2278
2286
2352
2406
242
2452
2617
2618
2620
2626
2633
2635
2683
271
2765
2828
2913
2966
2993
3019
3065
3078
3121
3164
3204
3324
3338
3347
338
3421
3435
3441
3442
3446
3514
3532
354
3553
3615
3694
3735
3855
3979
4016
4038
4049
4077
4084
4139
4156
4162
4238
4275
4289
4298
4340
4590
4617
4633
4637
4680
47
4703
4709
4711
4740
475
4809
4829
4835
4848
4882
4962
5
5033
5070
5154
5176
5189
5193
522
5220
5241
5290
5363
5394
5404
5408
5439
5458
5518
5640
5648
5683
5684
5692
57
5717
5810
5941
5954
5964
5998
6046
6108
6111
6137
6163
6253
6259
6265
6269
6406
6426
6450
6543
6585
6598
6626
6656
6720
6941
6952
6959
6976
7036
7043
7135
7159
7207
7312
7460
7537
7587
7600
7614
7633
7669
7716
7769
7804
8158
8159
8173
8212
8602
8608
8624
872
8749
8950
903
915
9314
9473
9479
9604
97
9906
