10717
10803
1088
1094
1112
11587
11694
11911
12081
1215
12162
12164
12174
12179
12249
1273
13162
13179
1377
1421
14360
14491
1570
15710
1588
1590
1640
1652
1661
1777
180
1839
1843
1932
1943
1967
1976
1982
221
2217
2359
2425
2508
2535
2601
2697
2727
2741
2747
2749
2862
2922
296
2985
2996
3002
3020
3068
3138
3145
3199
3222
3256
3259
3267
3306
3401
3411
3433
3461
3483
3493
3526
3535
3666
3847
4041
4048
4090
4125
4133
4158
425
4259
4345
4356
4382
4549
4552
4595
4599
49
4903
4905
5003
5057
5146
516
5232
5269
5277
5636
5639
5779
5785
5811
59
5933
6114
6267
6296
6326
6339
6357
6400
6464
6531
6541
6588
6714
6716
6735
6926
6945
6964
7087
7394
7429
7538
7640
7710
7792
7959
8029
8132
8153
8174
8189
8246
8554
8592
8597
8599
8635
8662
8675
874
8744
894
924
9362
9718
9801
