1022
1026
10395
10452
1052
10539
10559
10588
106
10621
10627
10641
10797
11251
11885
12270
12327
127
12770
1306
13074
13120
13235
13247
13320
1335
1343
1347
13542
1356
136
1387
1388
1396
13963
14211
144
14688
1478
14839
14957
15484
1557
1616
1675
1680
1686
1692
1709
1731
1856
1863
1875
1878
1902
1909
191
1926
194
1948
1951
1980
1990
2012
2025
2046
2074
2095
2121
2187
2191
2223
2231
2232
228
2326
2354
236
237
2382
2383
2417
2436
2449
2456
246
248
2499
2511
2515
2517
2521
2522
253
2530
2542
2585
2681
2688
273
2767
2775
2777
2838
2848
2853
2857
2925
2957
2970
2971
2973
2998
3003
3015
3017
3028
3031
3048
3115
312
3169
3174
3189
3191
3303
3332
3342
3364
3389
3430
3445
3452
3455
3473
349
3507
3509
3512
352
353
3556
3563
3571
3592
3594
3609
368
3737
3770
3798
3830
3869
3881
3904
3906
3949
3973
3980
3985
3995
4027
4028
4031
4039
4061
4129
4170
4174
4203
4232
4246
4296
4314
4315
4328
4365
4367
4386
44
4425
4429
4453
4467
4474
4481
4524
4576
4584
4593
4609
4662
4664
4689
4696
4713
4714
4739
4742
4781
4867
489
4951
4953
4983
4987
501
502
5037
5061
5116
5118
5119
5123
5125
5150
5167
5169
5171
5183
5185
5236
5244
5268
5270
5273
5278
5280
5281
5285
5292
5371
5383
543
5499
5507
5542
5553
5570
5630
5734
5752
5786
5796
5850
5852
5866
5895
5908
5973
6
6023
6060
6086
6119
6125
6127
6166
6169
6177
6184
6208
6264
6301
6348
6386
6404
6413
6432
6436
6535
6578
6593
6606
6722
6744
6746
677
6954
7011
708
7119
718
7375
742
7477
7500
7521
7534
7626
7632
7643
7771
791
7961
8044
8080
8102
8106
8109
8135
8141
8151
8156
8186
8188
8198
8240
8244
8252
835
8421
8440
856
8596
8637
8688
8696
873
8795
8856
918
925
930
9348
9356
945
952
991
