1008
10388
10748
1112
1154
1185
1210
12179
12249
12924
1343
1457
1560
1590
1890
1904
1916
1931
1932
1943
1949
1964
1967
1970
1976
1980
1982
1983
2022
2044
2232
2352
2535
2565
2576
2601
2747
2864
296
2966
2985
2996
3001
3002
3044
3046
3047
3067
3068
307
3076
312
3137
3217
3314
3334
3335
336
341
3442
3482
3483
3493
3533
3554
3584
3593
3612
3615
3666
3690
3843
395
4048
4078
4088
4090
4093
411
4115
4131
4188
4238
4600
4604
4629
4638
4666
4682
4720
4768
4783
4822
4845
49
5003
5189
5201
5220
5223
5232
5236
5266
5269
5274
5277
5330
5360
5412
5508
5611
5639
5779
5785
5810
5819
5861
59
5905
5909
5933
5941
5945
6081
6114
6201
6209
6301
6359
6399
6406
6445
6452
6464
6531
6593
6596
6637
6742
6964
6981
7020
7027
708
7080
7100
7135
7537
7538
7543
7562
7568
7571
7587
7599
7614
7633
7652
7662
7710
7804
8173
8174
843
8599
8902
913
924
943
953
988
999
