10043
1022
1026
10302
10391
10394
10395
10452
1052
10539
10559
1057
10582
10588
106
10620
10621
10627
10641
1067
1069
10717
10797
10803
1088
1094
11251
11271
1131
11385
11587
11694
11813
11840
11885
11911
1197
1201
12081
1215
12164
12174
1226
12270
12327
124
1257
127
1273
12761
12768
12770
12823
1295
1299
1306
13074
13120
13162
13179
13235
13247
13320
1335
1347
13542
1356
136
13688
1369
1377
1387
1388
1395
1396
13963
1399
1405
1406
14211
14360
144
14491
14688
1478
14818
14839
14957
14959
1499
1533
15484
1556
1557
1570
15710
1582
1611
1616
1623
1631
1640
1652
1661
1674
1675
1686
1692
1709
1711
1723
1731
1772
1777
1792
180
1809
1811
1839
1843
1845
1856
1863
1871
1875
1878
1882
19
1901
1902
1907
1909
191
1915
1926
194
1948
1951
1963
197
1990
2003
2008
2012
2025
2046
2061
2074
2095
2121
2172
2187
2190
2191
221
2217
2223
2231
228
2286
2310
2326
235
2354
2359
236
2367
237
2382
2383
241
2417
242
2425
2436
2449
2452
2456
246
247
248
2499
2508
2511
2515
2517
2521
2522
2524
253
2530
254
2542
256
2585
2617
2618
2620
2633
2635
2648
2681
2688
2727
273
2741
2749
2765
2767
2775
2777
281
2819
2828
2838
2848
2853
2857
2862
2913
2922
2925
2944
2955
2957
2958
2959
2968
2970
2971
2973
2975
2998
3003
3015
3017
3019
3020
3028
3031
3048
3065
3078
3082
3084
3110
3115
3132
3138
3145
3174
3189
3191
3199
3204
3222
3267
327
3272
3282
3285
3292
3303
3323
3324
3329
3330
3332
3337
3342
3349
3358
3364
338
3386
3389
3390
3401
3411
342
3429
3430
3433
3440
3441
3445
3446
3452
3455
3461
3473
349
3507
3509
3512
352
3526
353
3532
3535
3553
3556
3563
3571
3572
3592
3594
3609
368
3737
3770
3796
3798
3830
3847
3855
3869
3881
3902
3904
3906
3931
3949
3955
3973
3979
3980
3981
3985
3995
4026
4027
4028
4031
4038
4039
4041
4047
4049
4051
4057
4061
4077
4125
4129
4133
4139
4156
4158
4170
4171
4174
4203
4209
4232
4246
425
4289
4296
4314
4315
4328
4333
4340
4345
4356
4365
4367
4382
4386
4425
4429
4453
4467
4474
4478
4481
4490
4513
4524
4525
4549
4552
4576
4584
4593
4595
4599
4609
4616
4617
4632
4633
4640
4654
4662
4664
4671
4678
4680
4689
4696
47
4703
4709
4711
4712
4713
4714
4717
4719
4735
4739
4740
4742
4778
4781
4809
4825
4829
4835
4848
4867
4882
489
4903
4905
4939
4951
4953
4983
4987
4988
501
502
5033
5037
5056
5057
5061
5109
5116
5118
5119
5123
5125
5150
5154
5156
516
5160
5167
5169
5171
5176
518
5183
5185
5190
5191
5193
5206
5244
5268
5270
5271
5273
5278
5280
5281
5285
5288
5290
5292
5338
5363
5371
5376
5383
5394
5408
543
5458
5467
5499
5507
5518
5531
5542
5553
5561
5570
5610
5630
5640
5648
5683
5684
5692
57
5717
5734
5752
5786
5800
5818
5826
5847
5850
5852
5866
5870
5895
5954
5964
5972
5973
6
6006
6023
6060
6079
6083
6086
6108
6119
6125
6127
6137
6142
6153
6163
6166
6169
6177
6184
6208
6221
6253
6259
6264
6265
6267
6269
6296
6326
6338
6339
6348
6386
6400
6404
6413
6432
6436
6541
6576
6578
6585
6588
6598
6606
6626
6652
6656
6714
6716
6720
6722
6735
6744
6746
6751
6757
677
6866
6882
6926
6941
6945
6954
6959
7011
7043
7103
7119
718
7196
7313
7375
7394
742
7429
7460
7477
7500
7521
7531
7534
7626
7628
7632
7640
7642
7643
7771
7792
7802
7907
7959
7961
8009
8029
8044
8080
8102
8106
8109
8135
8138
8141
8149
8151
8153
8156
8186
8188
8189
8197
8198
8200
8212
8214
8240
8244
8246
8252
8273
8319
835
8421
8440
8516
855
8554
856
857
8592
8596
8602
8608
8624
8635
8637
8662
8675
8688
8696
872
873
874
8744
8749
8795
8856
894
8950
903
918
925
930
9314
9348
9356
9362
945
9473
9479
952
9604
969
97
9718
9801
9906
991
