1008
10302
1057
1067
10748
1185
1201
12161
1226
12924
1399
1556
1560
1582
1631
1792
1809
1871
1890
1904
1907
1949
1970
1983
2022
2367
247
256
2576
281
2864
3044
3046
3047
3076
3082
3084
3137
3217
327
3282
3314
3323
3330
3334
3349
3358
336
341
3429
3533
3584
3690
3843
3931
3981
4026
4047
4057
4093
411
4131
4171
4172
4188
4333
4490
4569
4600
4604
4640
4654
4671
4678
4682
4717
4719
4720
4768
4783
4825
4845
5056
5160
5181
5190
5201
5206
5266
5271
5279
5288
5338
5376
5412
5467
5531
5561
5610
5611
5778
5818
5841
5858
5861
5905
5909
6006
6079
6083
6142
6153
6209
6221
6399
6452
6576
6742
6751
6757
6866
7020
7027
7080
7196
7531
7543
7559
7568
7571
7599
7652
7802
8149
8273
8902
926
942
953
988
999
