11385
11813
124
12849
1369
1395
1406
1503
1553
15531
15696
1611
1674
1724
1772
193
1940
2003
2007
211
2175
2264
2278
2286
2452
2618
2620
2626
2633
2683
271
2966
3078
3121
3164
3204
3338
3347
3421
3435
3441
3442
3514
3532
354
3553
3694
3735
3855
4038
4049
4077
4139
4162
4275
4298
4340
4590
4637
4680
4703
475
4809
4829
4882
5
5033
5070
5176
5189
5193
522
5241
5290
5394
5404
5408
5439
5640
5648
57
5717
5964
5998
6046
6108
6111
6137
6163
6259
6265
6269
6406
6426
6543
6585
6598
6941
6952
6959
6976
7036
7043
7135
7159
7207
7312
7587
7600
7614
7669
7716
7769
7804
8159
8173
8602
872
8749
903
915
9604
9906
