10717
10803
1088
1112
11587
11694
11911
12081
12162
12174
1273
13162
13179
1377
1421
14360
14491
15710
1590
1640
1652
1839
1843
1943
1967
1976
1982
221
2217
2359
2425
2508
2535
2601
2697
2727
2749
2862
2922
296
2996
3002
3020
3068
3138
3145
3222
3259
3306
3401
3411
3433
3461
3483
3493
3526
3535
3666
4090
4259
4345
4382
4549
4552
4595
4599
4903
4905
5003
5057
516
5232
5269
5277
5636
5639
5933
6114
6267
6339
6357
6400
6531
6716
6735
6926
7087
7394
7429
7538
7640
7710
7959
8153
8189
8592
8597
8599
8635
8662
874
8744
9362
