1022
10452
10539
1306
1335
1343
1347
1356
136
1387
1396
13963
14211
144
1478
1557
1680
1686
1692
1709
1731
1856
1863
1878
1902
1909
1948
1980
1990
2012
2095
2121
2187
2191
2231
228
236
237
2382
2383
2456
248
2517
2522
253
2681
2688
273
2767
2857
2925
2957
2970
2973
3015
3031
3048
3115
3332
3445
3452
349
3512
352
353
3556
3571
3592
3594
3609
368
3737
3906
3949
3980
3995
4028
4039
4129
4170
4246
4296
4314
4315
4367
4386
4425
4429
4467
4609
4664
4696
4714
4742
4983
501
5116
5118
5119
5150
5167
5169
5185
5244
5268
5270
5273
5292
5542
5630
5752
5786
5796
5850
5852
5866
5895
5973
6060
6119
6125
6127
6169
6177
6184
6301
6348
6535
6578
6593
6722
6744
6746
7011
708
7375
7534
7632
791
7961
8044
8080
8106
8135
8141
8151
8156
8186
8198
8240
8244
8252
835
8596
8637
873
918
9356
952
991
