1026
1052
1131
1154
12249
127
1295
1405
1533
15484
1588
1616
1661
1675
1711
1777
1875
1882
191
194
1952
2025
2046
2223
2232
2406
242
2449
2530
2585
2617
2765
2775
2777
2838
2913
2975
2998
3003
3019
3065
3110
3169
3174
3189
3191
3256
3267
3303
3342
3364
3389
3430
3446
3455
3509
3563
3798
3881
3904
3985
4016
4041
4125
4174
4232
425
4365
44
4453
4474
4481
4525
4576
4584
4629
4632
4662
4713
4835
4848
489
4962
502
5037
5061
5171
5191
543
5553
5683
5800
5908
6023
6086
6166
6208
6253
6264
6386
6413
6432
6588
6606
6656
6720
677
6882
6954
704
7103
718
742
7460
7642
7643
7792
8246
8440
8516
855
856
8624
894
930
945
97
9718
9801
