10391
10395
10559
10582
10588
106
10620
10621
10627
10641
1069
10797
11251
11271
11840
11885
1197
1215
12164
12179
12270
12327
12761
12768
12770
12823
13120
13235
13247
13320
13542
13688
1388
14537
14688
14818
14839
14957
14959
1499
1723
180
19
1901
1916
1926
1951
197
2008
2044
2074
2172
2190
2310
2326
2354
2436
2499
2511
2515
2521
2542
2635
2741
2747
2819
2828
2848
2853
2944
2947
2955
2958
2959
2968
2971
3017
3028
3132
3199
3285
3292
3324
3329
338
3386
3390
3440
3473
3507
3572
3770
3830
3847
3869
3955
3973
3979
4027
4051
4061
4133
4156
4158
4203
4209
4289
4328
4356
4478
4513
4593
4617
4633
4689
47
4709
4711
4735
4739
4740
4778
4781
4867
49
4939
4951
4953
5123
5125
5154
5156
518
5183
5278
5280
5281
5285
5330
5383
5458
5499
5507
5518
5570
5734
5870
59
5954
6296
6326
6338
6404
6436
6450
6541
6626
6652
6714
6945
7119
7477
7500
7521
7626
7771
8009
8029
8102
8109
8158
8188
8197
8200
8214
8421
8554
857
8675
8688
8696
8795
8856
8950
925
9314
9348
9479
969
