10043
1008
10302
10394
1057
10582
1067
11385
1154
11587
1197
1201
12161
1226
1377
1556
1792
1871
1907
1916
1949
1970
2061
2172
2367
2452
2524
2565
2576
281
3044
3046
3047
3068
3076
3084
3110
3137
327
3282
3314
3329
3334
3349
3401
341
3533
3584
3666
3855
3949
4051
4057
4093
4131
4478
4654
4678
4682
4717
4719
4783
4825
5057
5190
5201
5338
5531
5778
5818
5841
5858
5861
5909
6006
6083
6142
6153
6209
6221
6269
6339
6452
6735
6751
7020
7027
7080
7531
7571
7599
7652
7710
7802
8138
8214
8273
8597
8902
926
942
953
988
