1026
10391
10395
10452
1052
10539
10588
106
10620
10621
10627
10641
1069
10717
1094
11813
11885
1215
12164
12270
12327
1257
127
12761
12770
12823
1295
1299
1306
13120
13179
13235
13247
13320
1335
1347
13542
1356
136
13688
1369
1387
1388
1396
13963
1399
1405
14211
144
14688
1478
14818
14839
14957
14959
15484
15531
1557
1588
1616
1656
1680
1686
1692
1709
1711
1772
180
1809
1839
1843
1856
1863
1875
1878
1882
19
1902
1904
1909
191
1926
194
1948
1951
1952
1963
197
1990
2003
2008
2012
2025
2046
2074
2121
2175
2187
2190
2191
2223
2231
2232
228
2286
2326
235
2354
2359
236
237
2383
2406
241
2417
242
2436
2449
246
248
2499
2508
2511
2515
2517
2521
2522
253
2530
2542
256
2585
2617
2633
2635
2681
2688
271
273
2749
2765
2767
2775
2777
2828
2838
2848
2853
2857
2913
2925
2944
2955
2957
2958
2959
2968
2970
2971
2973
2975
2998
3003
3015
3017
3028
3031
3048
3078
3115
3145
3169
3174
3189
3191
3204
3285
3303
3306
3323
3324
3332
3337
3342
3364
3386
3389
3390
3411
342
3429
3430
3440
3446
3452
3455
349
3507
3509
3512
352
353
354
3556
3563
3571
3592
3594
3609
368
3737
3770
3798
3830
3869
3902
3904
3906
3931
3955
3973
3979
3980
3985
3995
4027
4028
4031
4038
4039
4041
4047
4048
4049
4061
4077
4125
4129
4133
4139
4156
4158
4171
4172
4174
4203
4232
4246
4289
4296
4314
4315
4328
4340
4345
4365
4367
4386
44
4425
4429
4453
4467
4474
4481
4524
4525
4549
4576
4584
4593
4600
4604
4609
4616
4632
4633
4637
4640
4662
4664
4689
4696
4709
4712
4713
4714
4735
4742
4778
4781
4848
4867
4882
49
4939
4951
4953
4983
4987
501
502
5033
5037
5061
5109
5116
5118
5119
5123
5125
5150
5154
5156
5167
5169
5171
5176
518
5181
5183
5185
5244
5266
5268
5270
5273
5278
5279
5280
5281
5285
5292
5330
5371
5383
5408
543
5458
5467
5499
5518
5542
5553
5570
5610
5630
5640
5683
5684
5692
57
5717
5752
5786
5796
5800
5847
5850
5852
5866
5870
5895
5908
5954
5973
6
6023
6060
6086
6119
6125
6127
6137
6163
6166
6169
6177
6184
6208
6253
6259
6264
6267
6338
6348
6386
6404
6413
6432
6436
6535
6541
6578
6585
6588
6598
6606
6626
6652
6656
6720
6722
6744
6746
6757
677
6866
6926
6954
6959
7011
704
708
7119
718
7196
7375
742
7460
7500
7521
7534
7600
7626
7628
7632
7643
7771
7792
791
7961
8009
8029
8044
8080
8102
8106
8109
8132
8135
8141
8149
8156
8158
8159
8186
8188
8197
8198
8200
8240
8244
8246
8252
835
8421
8440
8516
855
8554
856
857
8596
8602
8624
8635
8637
8675
8688
8696
873
8749
8795
8856
894
8950
903
918
925
930
9314
9348
9356
945
9479
952
9604
9906
991
