10043
1008
10302
10394
1057
10582
10620
10627
1067
1069
10748
11385
1154
11587
11813
1197
1201
12161
1226
1335
1343
1369
1377
1387
1556
1557
1616
1709
1792
1856
1871
1878
1890
1907
1916
1949
1952
1963
1964
1970
1982
2044
2061
2121
2172
2231
236
2367
2452
248
2522
2524
2542
256
2565
2576
281
2838
2853
2857
2913
2944
2973
2975
3044
3046
3047
3048
3068
3076
3084
3110
3137
3189
327
3282
3314
3323
3329
3334
3335
3349
336
3401
341
3440
353
3533
3584
3666
3830
3855
3906
3931
3949
395
3973
3980
3995
4051
4057
4093
4131
4171
4232
4333
4367
4386
4478
4549
4600
4604
4633
4638
4654
4664
4678
4682
4689
4696
4709
4714
4717
4719
4768
4778
4783
4825
4867
4983
5057
5123
5125
516
5167
5190
5201
5244
5268
5273
5279
5281
5292
5330
5338
543
5467
5531
5553
5570
5610
5630
5778
5818
5841
5858
5861
5905
5909
6006
6060
6083
6142
6153
6201
6209
6221
6264
6269
6301
6339
6413
6436
6452
6596
6606
6637
6735
6751
6757
677
6866
7020
7027
7080
7500
7531
7543
7571
7599
7652
7710
7771
7802
8138
8141
8149
8197
8200
8214
8244
8273
835
855
857
8597
873
8902
926
942
943
952
953
988
999
