1052
106
10621
11885
12164
12179
12327
12849
13120
1395
13963
14211
14688
14818
1503
15484
1553
15531
15696
1656
1674
1680
1686
1711
1724
1731
1839
193
1940
2007
2012
2025
211
2175
2264
2278
2352
2382
2406
246
2499
2511
2530
254
2585
2618
2626
2683
2688
271
2970
3019
3065
3078
3115
3121
3164
3169
3285
3337
3338
3342
3347
3364
338
3386
3390
3421
3435
3441
3452
3507
3514
354
3553
3571
3592
3694
3735
3770
3798
4016
4077
4084
4156
4162
4259
4275
4296
4298
4340
44
4429
4569
4590
4632
4637
4735
475
4809
4835
489
49
4951
4962
5
5003
501
502
5033
5037
5154
5176
5181
5189
5193
522
5241
5285
5290
5394
5404
5439
5458
5499
5518
5752
5796
5810
5908
5998
6046
6111
6163
6265
6357
6426
6450
6535
6543
6593
6656
6941
6952
6976
7036
7135
7159
718
7207
7312
742
7521
7537
7600
7626
7633
7669
7716
7769
7804
8080
8102
8156
8158
8173
8198
8554
8596
8602
8608
8624
8637
8749
915
9479
9604
9906
