10388
10539
10588
10641
10717
10803
1112
11251
11694
11911
12081
12162
12174
1273
12924
13162
13179
13235
13688
1396
1399
14360
14491
1499
1533
1560
1570
15710
1588
1623
1640
1652
1843
1902
1909
191
1926
194
1943
1951
1967
1976
1983
221
2354
237
2417
2449
2456
2515
2521
253
2765
2848
2862
2922
2958
2959
3002
3003
3020
3138
3145
3191
3256
3267
3272
3292
3303
3306
3358
3433
3442
3446
3455
3461
3483
349
3493
3512
3526
3532
3535
3556
3572
3594
3609
368
3737
3869
3985
4028
4031
4048
4049
4090
4314
4345
4425
4453
4467
4474
4481
4524
4576
4584
4599
4609
4616
4617
4640
4671
4680
4703
4711
4712
4720
4740
4939
5070
5109
5116
5118
5119
5156
5183
5191
5206
5232
5269
5271
5277
5278
5280
5412
57
5717
5850
5973
6086
6137
6166
6253
6267
6386
6432
6541
6576
6722
6744
6954
6959
7011
7043
7119
7375
7460
7538
7568
7632
7642
7959
7961
8009
8029
8109
8135
8153
8159
8188
8189
8240
8950
903
925
930
9314
9362
945
