1026
10797
1088
1185
1210
1215
12270
1257
12770
1295
1299
1306
13320
13542
1356
1406
14839
14959
1590
1631
1692
1772
1811
1845
1882
1901
1915
1931
1990
2003
2095
2223
228
2326
235
2359
2383
241
2425
2436
2508
2617
2620
2635
2648
2727
273
2741
2747
2767
2775
2864
2925
2947
2957
2966
2968
2998
3001
3017
307
3174
3259
3411
342
3430
3445
3482
352
3554
3563
3847
4026
4038
4041
4047
4061
4088
4125
4133
4139
4158
4170
4172
4174
4246
425
4315
4328
4490
4513
4525
4552
4593
4595
4629
4662
4666
4713
4742
4882
4903
4953
4988
5160
5169
5171
518
5185
5223
5288
5376
5542
5561
5611
5639
5648
5786
5800
5819
5826
5847
5852
5895
59
5933
5954
5964
5972
6023
6079
6081
6114
6177
6208
6296
6326
6348
6359
6404
6406
6585
6598
6652
6716
6720
6926
6981
704
7103
7196
7313
7429
7562
7628
7643
7792
791
8044
8151
8174
8246
8421
843
8440
8516
8592
8599
8635
8662
8675
8688
8696
872
8744
8856
894
913
