1022
10395
11271
11840
12249
124
127
12768
13247
1347
1388
1421
14957
1611
1661
1723
1777
180
1809
1875
19
1904
1932
1948
197
2008
2022
2046
2074
2187
2217
242
247
2517
2535
2601
2697
2749
2777
2955
2971
2985
2993
2996
3028
3031
3082
312
3199
3204
3222
3324
3389
3429
3473
3509
3593
3615
3796
3881
3902
3904
3979
4027
4078
411
4115
4209
4238
4289
4356
4365
47
4781
4829
4845
4848
4987
5061
5146
5236
5266
5270
5274
5371
5408
5507
5508
5640
5683
5684
5692
5779
5785
5811
5866
5870
5941
6108
6119
6125
6127
6169
6184
6338
6399
6400
6464
6531
6578
6588
6714
6746
6882
6964
708
7394
7477
7534
7559
7587
7614
7662
8106
8186
8212
8252
8319
856
924
9348
9356
969
97
9718
9801
991
