1008
10748
1185
1210
1343
1590
1890
1931
1932
1943
1964
1976
1982
2022
2352
2565
2576
2864
2985
3001
3002
3044
307
312
3314
3334
3335
336
341
3442
3482
3483
3493
3584
3593
3615
3690
395
4078
4088
4090
4093
411
4115
4131
4188
4238
4629
4638
4666
4682
4720
4768
4783
5003
5189
5201
5220
5223
5232
5236
5269
5274
5277
5508
5611
5639
5779
5785
5810
5819
5861
5905
5909
5933
5941
6081
6114
6201
6209
6301
6359
6399
6406
6445
6464
6593
6596
6637
6964
6981
7020
7027
7080
7135
7537
7538
7543
7562
7571
7587
7599
7614
7633
7652
7662
7804
8173
8174
843
8599
8902
913
924
943
953
988
999
