10043
1026
1057
10627
1088
11813
1226
124
12770
1306
13162
1335
1377
1387
1405
1406
144
1533
1557
1570
1582
1611
1616
1631
1640
1675
1692
1711
1772
1809
1811
1839
1871
1878
1901
1907
1909
1915
1926
197
1990
2061
2121
2172
2190
2191
2217
2223
2231
235
2354
236
2367
237
2382
2383
2417
242
2425
2449
2456
246
248
2511
2522
2524
253
254
2618
2620
2648
2727
273
2765
2775
2848
2862
2922
2925
2944
2959
2975
2998
3003
3015
3019
3031
3065
3078
3084
3132
3138
3199
3267
3272
3282
3324
3330
3337
3364
338
3401
3411
3429
3430
3433
3445
3446
3452
3455
3461
349
352
3526
353
3532
3535
3571
3847
3855
3902
3931
3949
3979
3981
3995
4031
4038
4047
4049
4057
4077
4139
4156
4174
4246
4314
4333
4382
4425
4467
4478
4490
4524
4552
4595
4632
4633
4654
4662
4664
4678
4680
4689
4703
4709
4713
4714
4717
4719
4809
4905
4951
4988
5033
5037
5057
5061
5109
5125
5150
516
5160
5167
5171
5176
5183
5190
5193
5206
5244
5273
5280
5288
5290
5371
5394
5467
5499
5684
5692
5800
5847
5850
5954
5972
6006
6023
6060
6108
6153
6166
6177
6208
6221
6253
6265
6267
6269
6348
6400
6432
6576
6578
6720
6722
6735
6751
6945
7011
7043
7375
7521
7531
7626
7628
7632
7907
8029
8080
8102
8106
8141
8151
8153
8156
8186
8212
8252
8554
8592
8596
8602
8608
8624
8635
8637
8662
873
874
894
952
