1022
10302
10388
10391
10395
10452
1052
10539
10559
10582
10588
106
10620
10621
10641
1069
10803
11251
11385
11587
11694
11885
1197
1201
12081
1215
12179
12249
12327
1273
12823
12849
12924
1299
13074
13120
13179
13247
13320
13542
1395
13963
14211
14360
14491
14537
14688
1499
15531
1556
15710
1588
1623
1686
1731
1777
180
1845
1863
193
1951
2003
2012
2025
2074
2095
2175
2264
2286
2359
241
2452
247
2633
2635
2741
2747
2749
2838
2857
2955
2968
3020
3047
3145
3204
3256
3259
3285
3349
3386
3390
342
3440
3441
3553
3770
3830
3973
4026
4027
4133
4158
4171
4203
4345
4356
4525
4599
4825
4835
49
4903
4939
5154
5191
5278
5376
5408
5507
5542
5553
5561
5630
5640
5648
57
5717
5752
5786
5818
5826
5852
5866
5895
59
5908
6127
6137
6142
6163
6296
6326
6404
6585
6588
6598
6606
6652
6714
6716
6744
6746
6882
6926
6941
7103
718
7394
742
7477
7500
7640
7642
7643
7792
7802
8044
8109
8188
8189
8197
8198
8246
835
8421
8440
8516
856
8675
8688
8696
8744
8749
8795
8856
903
925
9348
9362
9473
97
9718
9801
9906
991
