1067
10717
1094
1295
13235
1347
1356
136
1369
1396
1399
1478
15484
1652
1709
1792
19
1902
1904
1948
1963
2008
2187
221
228
2499
2508
2517
256
2681
2688
2767
2957
2970
2973
3048
3115
3169
3222
3306
3323
3332
3358
3507
354
3556
3563
3592
3594
3609
3737
3798
3843
3904
3906
4028
4039
4048
4129
4172
4289
4296
4315
4340
4365
4367
4386
4429
4549
4569
4590
4600
4604
4609
4616
4637
4640
4671
4696
4712
4882
4983
4987
5116
5118
5119
5169
5181
5266
5268
5270
5271
5279
5285
5292
5383
5518
5570
5610
5636
5683
5796
5841
5964
5973
6079
6083
6086
6119
6125
6169
6184
6259
6264
6338
6535
6541
6626
6656
6742
6757
677
6866
6954
6959
708
7087
7196
7600
7771
791
7959
8132
8135
8138
8149
8158
8159
8200
8240
8244
8273
918
930
945
