10043
1008
1022
10302
10388
10394
10395
10452
10539
10559
1057
10582
10588
10620
10627
10641
1067
1069
10717
10748
10797
10803
1088
1112
11251
11271
1131
11385
1154
11587
11813
11840
1185
1197
1201
1210
1215
12161
12162
12249
1226
124
1257
127
1273
12770
12924
1295
1299
1306
13074
13162
13179
13235
13320
1335
1343
1347
13542
1356
1369
1377
1387
1388
1396
1399
1405
1421
14360
144
14491
14537
1457
14839
14957
1533
1556
1557
1560
1570
1582
1588
1590
1616
1623
1631
1640
1652
1661
1692
1709
1723
1792
180
1809
1845
1856
1871
1875
1878
1890
19
1901
1902
1904
1907
1909
191
1915
1916
1926
1931
194
1943
1948
1949
1952
1963
1964
1967
197
1970
1976
1980
1982
1983
1990
2022
2044
2046
2061
2074
2095
2121
2172
2187
2191
2217
2223
2231
2232
2310
2326
235
2354
2359
236
2367
237
2383
241
2417
2425
2436
2449
2452
2456
247
248
2508
2517
2521
2522
2524
2535
2542
256
2565
2576
2601
2617
2681
2697
2727
273
2741
2747
2749
2775
281
2819
2838
2853
2857
2864
2913
2922
2944
2955
2958
296
2966
2968
2971
2973
2975
2996
2998
3001
3002
3015
3020
3028
3044
3046
3047
3048
3067
3068
307
3076
3082
3084
3110
312
3132
3137
3138
3145
3174
3189
3217
3222
3259
3267
327
3272
3282
3292
3306
3314
3323
3324
3329
3330
3332
3334
3335
3349
3358
336
3389
3401
341
3411
342
3429
3433
3440
3445
3455
3473
3482
3483
3493
3509
3512
352
353
3533
3535
3554
3556
3572
3584
3593
3594
3609
3612
3666
368
3690
3737
3796
3830
3843
3847
3855
3881
3902
3904
3906
3931
3949
395
3955
3973
3980
3981
3995
4026
4028
4038
4039
4047
4048
4051
4057
4061
4088
4090
4093
411
4115
4129
4131
4139
4170
4171
4172
4188
4203
4232
425
4314
4315
4328
4333
4356
4367
4382
4386
4453
4474
4478
4481
4490
4524
4549
4552
4576
4593
4595
4600
4604
4609
4633
4638
4640
4654
4664
4666
4671
4678
4682
4689
4696
47
4709
4714
4717
4719
4720
4739
4768
4778
4781
4783
4822
4825
4845
4867
4903
4905
4939
4953
4983
4988
5056
5057
5070
5109
5116
5118
5119
5123
5125
5150
5156
516
5160
5167
5169
518
5185
5190
5191
5201
5206
5223
5232
5236
5244
5266
5268
5269
5270
5271
5273
5277
5279
5281
5288
5292
5330
5338
5360
5363
5376
5408
5412
543
5467
5508
5531
5542
5553
5561
5570
5610
5611
5630
5636
5639
5648
5683
5717
5734
5778
5779
5785
5800
5818
5819
5826
5841
5847
5858
5861
5866
5905
5909
5945
5954
5972
6
6006
6023
6060
6079
6081
6083
6086
6114
6127
6142
6153
6166
6177
6201
6208
6209
6221
6259
6264
6267
6269
6296
6301
6326
6338
6339
6359
6386
6399
6400
6404
6406
6413
6436
6445
6452
6464
6531
6576
6588
6596
6598
6606
6637
6652
6716
6735
6742
6744
6746
6751
6757
677
6866
6882
6926
6954
6981
7020
7027
708
7080
7087
7100
7103
7119
7196
7313
7394
7429
7477
7500
7531
7534
7538
7543
7559
7562
7568
7571
7587
7599
7614
7640
7642
7643
7652
7662
7710
7771
7792
7802
7959
8009
8109
8132
8135
8138
8141
8149
8159
8188
8189
8197
8200
8212
8214
8244
8246
8273
8319
835
843
8440
8516
855
856
857
8597
8688
8696
873
874
8795
8856
8902
913
918
924
925
926
9314
9348
9356
9362
942
943
9473
952
953
969
9718
9801
988
999
