1026
10391
1052
106
10621
1094
11694
11885
11911
12081
12164
12174
12179
12270
12327
12761
12768
12823
12849
13120
13247
136
13688
1395
13963
1406
14211
14688
1478
14818
14959
1499
1503
15484
1553
15531
15696
15710
1611
1656
1674
1675
1680
1686
1711
1724
1731
1772
1777
1811
1839
1843
1863
1882
193
1932
1940
1951
2003
2007
2008
2012
2025
211
2175
2190
221
2264
2278
228
2286
2352
2382
2406
242
246
2499
2511
2515
253
2530
254
2585
2618
2620
2626
2633
2635
2648
2683
2688
271
2765
2767
2777
2828
2848
2862
2925
2947
2957
2959
2970
2985
2993
3003
3017
3019
3031
3065
3078
3115
3121
3164
3169
3191
3199
3204
3256
3285
3303
3337
3338
3342
3347
3364
338
3386
3390
3421
3430
3435
3441
3442
3446
3452
3461
349
3507
3514
3526
3532
354
3553
3563
3571
3592
3615
3694
3735
3770
3798
3869
3979
3985
4016
4027
4031
4041
4049
4077
4078
4084
4125
4133
4156
4158
4162
4174
4209
4238
4246
4259
4275
4289
4296
4298
4340
4345
4365
44
4425
4429
4467
4513
4525
4569
4584
4590
4599
4616
4617
4629
4632
4637
4662
4680
4703
4711
4712
4713
4735
4740
4742
475
4809
4829
4835
4848
4882
489
49
4951
4962
4987
5
5003
501
502
5033
5037
5061
5146
5154
5171
5176
5181
5183
5189
5193
522
5220
5241
5274
5278
5280
5285
5290
5371
5383
5394
5404
5439
5458
5499
5507
5518
5640
5684
5692
57
5752
5786
5796
5810
5811
5850
5852
5870
5895
59
5908
5933
5941
5964
5973
5998
6046
6108
6111
6119
6125
6137
6163
6169
6184
6253
6265
6348
6357
6426
6432
6450
6535
6541
6543
6578
6585
6593
6626
6656
6714
6720
6722
6941
6945
6952
6959
6964
6976
7011
7036
704
7043
7135
7159
718
7207
7312
7375
742
7460
7521
7537
7600
7626
7628
7632
7633
7669
7716
7769
7804
7907
791
7961
8029
8044
8080
8102
8106
8151
8153
8156
8158
8173
8174
8186
8198
8240
8252
8421
8554
8592
8596
8599
8602
8608
8624
8635
8637
8662
8675
872
8744
8749
894
8950
903
915
930
945
9479
9604
97
9906
991
