10043
1008
10394
10748
11385
1457
1556
1582
1871
1907
1915
1943
1949
1964
1970
1976
1983
2022
2576
281
3044
3046
3047
3067
3076
3137
3217
327
3282
3330
3349
3358
3401
341
3435
3483
3584
3612
3843
3949
4057
4093
411
4131
4188
4333
4478
4654
4678
4682
4717
4719
4720
4768
4783
4822
4825
4905
5056
5190
5201
5206
5271
5277
5338
5360
5412
5531
5818
5841
5861
5909
5945
6081
6083
6142
6153
6209
6221
6339
6426
6445
6452
6596
6637
6735
6751
7027
7080
7100
7531
7543
7559
7571
7587
7599
7614
7652
7710
7802
7959
8138
8273
8597
8902
926
942
953
988
