1022
10302
10391
10395
1052
10539
10559
1057
10582
106
10621
10627
10641
10797
11251
11271
11840
11911
12161
12162
12164
12270
12327
124
12761
12768
12823
12924
13120
13162
13247
13688
1388
1405
1406
14688
14818
14839
14957
14959
1499
15484
15696
1723
1916
193
197
1980
2025
2044
2175
2190
2310
2326
241
2436
2511
2515
2521
2535
2542
2633
2635
2749
2819
2828
2853
2862
2944
2947
2955
2959
2971
3017
3028
3082
3222
3292
3329
3386
3440
3473
3532
3572
368
3796
3869
3902
3931
3955
3973
4027
4038
4051
4061
4133
4139
4156
4158
4203
4209
4289
4328
4386
4425
4513
4617
4680
47
4703
4711
4735
4739
4740
4778
4781
4829
4845
4867
4882
4953
501
5154
5156
518
5185
5278
5285
5330
5383
5458
5507
5570
5630
5717
5734
5752
5786
5866
5870
5895
5964
6127
6269
6296
6326
6436
6450
6652
6714
6744
6926
7043
7119
7394
7500
7534
8009
8029
8109
8151
8188
8214
8240
8319
835
8440
8516
8554
857
8592
8662
8696
8795
8856
8950
925
9314
9348
9356
9479
9604
969
