10452
10620
10717
1094
11694
11813
1215
12174
1295
13179
13235
1335
1347
1356
136
1369
1395
1396
13963
1399
14211
1478
1533
1570
1656
1686
1709
1772
1843
1863
19
1902
1926
1948
1963
2003
2012
2187
2264
228
2354
2359
2499
2517
256
2681
2688
2765
2767
2848
2925
2957
2958
2970
2973
3048
3115
312
3169
3204
3285
3323
3324
3332
3337
3390
3411
3442
3445
3507
3512
354
3556
3563
3592
3594
3609
3737
3770
3798
3830
3904
3906
3995
4028
4039
4047
4048
4049
4129
4172
4296
4315
4340
4345
4365
4367
4429
4467
4590
4599
4600
4604
4609
4616
4637
4640
4671
4696
4712
4742
4809
49
4983
4987
5061
5116
5118
5119
5150
516
5169
5181
5183
5189
5220
5266
5268
5270
5279
5280
5292
5394
5467
5508
5518
5542
5553
5640
5683
5684
5692
5796
5852
5973
6
6086
6119
6125
6163
6169
6184
6259
6264
6265
6338
6404
6541
6585
6598
6606
6626
6656
6720
6746
6757
677
6866
6954
708
7087
7135
7196
7600
7632
7642
7643
7662
7771
7804
791
7961
8080
8106
8132
8135
8141
8149
8158
8186
8197
8198
8200
8244
8246
8421
8635
8637
8675
8688
8749
918
930
945
9473
991
