1026
10588
1067
10803
11885
12081
12770
1299
1306
13074
13320
13542
1377
1387
14360
144
14491
1557
15710
1611
1616
1675
1692
1731
1777
1809
1839
1878
1909
1951
1990
2008
2061
2074
2121
2172
2223
2231
236
237
2383
2417
242
2449
2456
246
247
248
2522
253
254
2620
273
2741
2775
2838
2922
2966
2968
3015
3031
3065
3078
3138
3145
3267
3364
3430
3433
3446
3452
3455
3461
349
352
3526
353
3571
3979
4171
4174
4246
4314
4382
4524
4593
4629
4632
4633
4662
4664
4689
4709
4713
4714
4951
5033
5109
5123
5125
5167
5171
5193
5244
5273
5281
5408
5499
5610
5800
5826
5850
5954
5972
6023
6060
6108
6137
6177
6208
6253
6267
6348
6535
6576
6578
6722
6882
6945
6959
7011
718
7375
742
7429
7521
7626
7907
8044
8102
8156
8189
8252
8596
8602
8608
8624
873
894
903
915
9362
952
