10043
1008
10394
1067
10717
10748
1112
1131
11385
1154
11587
11813
1185
1201
1210
12249
1226
1273
1295
1335
1343
1356
1369
1377
1387
1399
14491
1457
1556
1560
1582
1590
1631
1640
1652
1661
1692
1709
1792
1856
1871
1878
1890
1904
1907
1915
1931
1943
1949
1964
1967
1970
1976
1982
1983
1990
2022
2061
2095
2121
2191
221
2217
2231
235
2367
2382
2425
2452
247
248
2508
2522
254
256
2565
2576
2601
281
2864
296
2966
2975
2996
3001
3002
3020
3044
3046
3047
3067
3068
307
3076
3084
3110
312
3132
3137
3138
3217
327
3282
3314
3323
3330
3334
3335
3349
3358
336
3401
341
3435
3482
3483
3493
3533
3554
3584
3612
3666
3690
3843
3847
3855
3949
395
3980
3981
3995
4026
4047
4057
4088
4090
4093
411
4131
4170
4188
425
4333
4382
4478
4490
4549
4552
4569
4595
4600
4604
4640
4654
4666
4671
4678
4682
4696
4717
4719
4720
4768
4783
4809
4822
4825
4835
4903
4905
4988
5056
5057
5061
5109
516
5160
5190
5191
5201
5206
5223
5232
5244
5266
5269
5271
5277
5279
5288
5338
5360
5363
5376
5394
5412
5467
5531
5561
5610
5611
5636
5639
5648
57
5818
5819
5841
5847
5861
5905
5909
5945
5972
6006
6079
6081
6083
6114
6142
6153
6201
6209
6221
6301
6339
6359
6399
6400
6406
6426
6445
6452
6531
6576
6596
6637
6735
6742
6751
677
6866
6981
7020
7027
708
7080
7100
7196
7313
7531
7538
7543
7559
7562
7568
7571
7587
7599
7614
7652
7710
7802
7907
7959
8138
8149
8273
855
8597
8902
913
924
926
9362
942
943
953
988
9906
999
