12081
12179
1257
12849
1421
14360
14537
1503
1553
15531
15710
1588
1656
1674
1680
1724
1875
1932
1940
1952
2007
2046
211
2264
2278
2352
2406
246
2530
2585
2618
2626
2683
2697
271
2985
2993
2998
3121
3164
3169
3199
3256
3259
3272
3306
3338
3347
338
3389
3390
3421
3514
354
3615
3694
3735
3770
3985
4016
4031
4048
4077
4078
4084
4115
4162
4238
4259
4275
4298
44
4590
4629
4632
4637
4638
475
489
49
4962
4987
5
5003
502
5070
5146
5176
5181
5189
522
5220
5236
5241
5274
5290
5371
5404
5439
5508
5683
5684
5778
5779
5785
5796
5810
5811
5826
5858
5908
5941
5998
6046
6111
6208
6259
6267
6357
6386
6464
6535
6543
6588
6656
6720
6952
6964
6976
7036
704
7103
7159
718
7207
7312
7537
7600
7633
7662
7669
7716
7769
791
8102
8132
8158
8174
8197
8212
8246
8624
8635
874
894
915
991
