1022
1026
10302
10388
10391
10395
10452
1052
10539
10559
1057
10582
10588
106
10620
10621
10627
10641
1069
10797
10803
1088
1094
11251
11271
11694
11840
11885
11911
1197
1215
12161
12162
12164
12174
12270
12327
124
127
12761
12768
12770
12823
12924
1299
1306
13074
13120
13162
13179
13235
13247
13320
1347
13542
136
13688
1388
1395
1396
13963
1405
1406
14211
144
14688
1478
14818
14839
14957
14959
1499
1533
15484
1557
15696
1570
1611
1616
1623
1675
1686
1711
1723
1731
1772
1777
180
1809
1811
1839
1843
1845
1863
1882
19
1901
1902
1909
191
1916
1926
193
194
1948
1951
1963
197
1980
2003
2008
2012
2025
2044
2074
2172
2175
2187
2190
2223
2232
228
2286
2310
2326
2354
2359
236
237
2383
241
2417
242
2436
2449
2456
2499
2511
2515
2517
2521
2524
253
2535
2542
2617
2620
2633
2635
2648
2681
2688
2727
273
2741
2747
2749
2765
2767
2775
2777
2819
2828
2838
2848
2853
2857
2862
2913
2922
2925
2944
2947
2955
2957
2958
2959
2968
2970
2971
2973
3003
3015
3017
3019
3028
3031
3048
3065
3078
3082
3115
3145
3174
3189
3191
3204
3222
3267
3285
3292
3303
3324
3329
3332
3337
3342
3364
3386
3411
342
3429
3430
3433
3440
3441
3442
3445
3446
3452
3455
3461
3473
349
3507
3509
3512
352
3526
353
3532
3535
3553
3556
3563
3571
3572
3592
3593
3594
3609
368
3737
3796
3798
3830
3869
3881
3902
3904
3906
3931
3955
3973
3979
4027
4028
4038
4039
4041
4049
4051
4061
4125
4129
4133
4139
4156
4158
4171
4172
4174
4203
4209
4232
4246
4289
4296
4314
4315
4328
4340
4345
4356
4365
4367
4386
4425
4429
4453
4467
4474
4481
4513
4524
4525
4576
4584
4593
4599
4609
4616
4617
4633
4662
4664
4680
4689
47
4703
4709
4711
4712
4713
4714
4735
4739
4740
4742
4778
4781
4829
4845
4848
4867
4882
4939
4951
4953
4983
501
5033
5037
5116
5118
5119
5123
5125
5150
5154
5156
5167
5169
5171
518
5183
5185
5193
5268
5270
5273
5278
5280
5281
5285
5292
5330
5383
5408
543
5458
5499
5507
5518
5542
5553
5570
5630
5640
5692
5717
5734
5752
5786
5800
5850
5852
5866
5870
5895
59
5933
5954
5964
5973
6
6023
6060
6086
6108
6119
6125
6127
6137
6163
6166
6169
6177
6184
6253
6264
6265
6269
6296
6326
6338
6348
6404
6413
6432
6436
6450
6541
6578
6585
6593
6598
6606
6626
6652
6714
6716
6722
6744
6746
6757
6882
6926
6941
6945
6954
6959
7011
7043
7087
7119
7135
7375
7394
742
7429
7460
7477
7500
7521
7534
7626
7628
7632
7640
7642
7643
7771
7792
7804
7961
8009
8029
8044
8080
8106
8109
8135
8141
8151
8153
8156
8159
8173
8186
8188
8189
8198
8200
8214
8240
8244
8252
8319
835
8421
843
8440
8516
8554
856
857
8592
8596
8599
8602
8608
8637
8662
8675
8688
8696
872
873
8744
8749
8795
8856
8950
903
918
925
930
9314
9348
9356
945
9473
9479
952
9604
969
97
9718
9801
