1008
1022
10302
10395
10452
1052
10539
10559
1057
10582
10588
106
10620
10621
10627
1067
10717
10748
10797
10803
1112
11251
11271
1131
1154
11587
11840
1185
11885
1197
1201
1215
12161
12162
12164
1226
12327
127
1273
12924
1295
1306
13074
13120
13162
1335
1343
1356
1377
1387
1388
1396
1399
14360
144
14491
14537
1457
14688
1556
1557
1560
15710
1582
1588
1590
1616
1631
1652
1661
1709
1723
1777
1792
180
1809
1856
1871
1878
1890
1902
1904
1907
1909
191
1916
1926
194
1943
1949
1952
1963
197
1970
1976
1980
1982
1983
1990
2012
2022
2044
2046
2074
2121
2172
2187
2191
2217
2231
2232
2326
2354
2359
236
2367
2425
2449
247
248
2508
2522
2524
2535
2542
256
2565
2576
2601
2681
2697
2727
2741
2775
281
2819
2838
2853
2857
2864
2944
2958
2973
2975
2996
2998
3002
3015
3020
3044
3046
3047
3048
3067
3068
3076
3082
3084
3110
3115
312
3132
3137
3138
3145
3217
3222
3259
327
3282
3292
3314
3323
3329
3330
3334
3349
3358
336
3386
3389
3401
341
3429
3433
3440
3452
3483
3493
353
3533
3535
3554
3556
3584
3594
3609
3612
3666
368
3690
3737
3770
3830
3843
3847
3881
3902
3906
3931
3949
3973
3980
3981
3995
4026
4027
4028
4039
4047
4048
4051
4057
4090
4093
411
4115
4129
4131
4171
4172
4188
4203
4232
425
4314
4315
4333
4365
4367
4382
4386
4453
4474
4478
4481
4490
4549
4552
4569
4576
4593
4595
4599
4600
4604
4640
4654
4664
4671
4678
4682
4689
4696
4714
4717
4719
4720
4739
4768
4778
4783
4822
4825
4845
4867
4903
4905
4939
4953
5056
5057
5116
5118
5119
5123
5125
5156
516
5160
5169
5181
5185
5190
5191
5201
5206
5232
5236
5244
5266
5268
5269
5270
5271
5277
5279
5281
5288
5292
5330
5338
5360
5376
5412
543
5467
5507
5531
5542
5553
5561
5570
5610
5611
5630
5636
5639
5778
5785
5786
5818
5841
5858
5861
5905
5909
5933
5945
6
6006
6023
6060
6079
6081
6083
6114
6142
6153
6209
6221
6301
6339
6386
6399
6413
6436
6452
6464
6531
6576
6596
6637
6652
6714
6716
6735
6742
6751
6757
677
6866
6926
7020
7027
708
7080
7100
7196
7477
7531
7543
7559
7568
7571
7599
7640
7643
7652
7710
7771
7792
7802
7959
8009
8080
8109
8135
8141
8149
8188
8197
8198
8200
8214
8244
8246
8273
8319
8440
8516
855
857
8592
8597
8599
8637
8662
873
8795
8856
8902
918
924
925
926
9348
9362
942
952
953
969
9718
9801
988
991
999
