1026
10391
10641
1069
11385
11694
11813
12081
12179
124
12849
13235
136
13688
1369
1395
13963
1405
1406
1421
14211
1478
14818
1503
15484
1553
15531
15696
1570
1611
1656
1674
1675
1680
1686
1711
1724
1731
1772
1839
1843
1875
19
193
1932
1940
1948
1967
2003
2007
2008
2025
2095
211
2175
2190
221
2264
2278
2286
2352
2382
2406
242
2452
2456
246
2499
2521
253
2530
2585
2617
2618
2620
2626
2633
2635
2683
2688
271
273
2747
2765
2777
2828
2848
2913
2922
2925
2966
2970
2985
2993
3017
3019
3065
3078
3121
3164
3169
3189
3191
3199
3204
3306
3324
3338
3347
3364
338
3411
3421
3430
3435
3441
3442
3446
3461
3473
3507
3512
3514
3526
3532
354
3553
3571
3592
3615
3694
3735
3798
3855
3869
3904
3979
3985
4016
4031
4038
4041
4049
4077
4084
4125
4139
4156
4158
4162
4174
4238
4246
4259
4275
4289
4296
4298
4340
4345
44
4429
4467
4584
4590
4617
4633
4637
4680
47
4703
4709
4711
4740
475
4809
4829
4835
4848
4882
489
49
4951
4962
4987
5
5003
501
502
5033
5037
5061
5070
5146
5154
5176
5183
5189
5193
522
5220
5241
5278
5280
5285
5290
5363
5371
5383
5394
5404
5408
5439
5458
5499
5518
5640
5648
5683
5684
5692
57
5717
5734
5752
5779
5796
5810
5811
5852
59
5908
5941
5954
5964
5973
5998
6046
6086
6108
6111
6119
6125
6137
6163
6169
6177
6208
6253
6259
6264
6265
6267
6269
6326
6357
6406
6426
6432
6450
6535
6543
6578
6585
6588
6598
6606
6626
6656
6720
6722
6744
6746
6941
6945
6952
6959
6976
7036
7043
7119
7135
7159
718
7207
7312
7375
742
7460
7500
7521
7537
7538
7587
7600
7614
7626
7633
7669
7716
7769
7804
7961
8029
8102
8106
8151
8158
8159
8173
8174
8186
8212
835
8554
8602
8608
8624
8635
8675
872
874
8744
8749
8950
903
915
930
9314
945
9473
9479
9604
97
9906
