10043
10388
10394
1088
1094
11911
1210
12174
12249
12270
1257
12761
12768
12770
12823
1299
13179
13247
13320
1347
13542
14839
14957
14959
1499
1533
1623
1640
1692
1811
1845
1863
1882
1901
1915
1931
1951
1964
2061
2223
228
2310
235
237
2383
241
2417
2436
2511
2515
2517
254
2648
2749
2767
2862
2947
2955
2957
2959
296
2968
2971
3001
3003
3028
3031
307
3174
3256
3267
3272
3285
3303
3332
3335
3337
3342
3390
342
3445
3455
3482
349
3509
352
3563
3572
3593
3796
395
3955
4061
4078
4088
4133
4170
4209
4328
4356
4425
4513
4524
4525
4609
4616
4629
4632
4638
4662
4666
4712
4713
4735
4742
4781
4983
4988
5109
5150
5167
5171
518
5223
5273
5274
5508
5800
5819
5826
5847
5850
5866
5870
5895
5972
6127
6166
6184
6201
6296
6338
6348
6359
6400
6404
6445
6541
6593
6882
6954
6964
6981
7011
704
7087
7103
7313
7394
7429
7534
7562
7628
7632
7642
7662
7907
791
8044
8132
8138
8153
8156
8189
8240
8252
8421
843
856
8596
8688
8696
894
913
9356
943
