10
12
44
45
68
96
110
125
128
134
135
153
157
162
185
186
199
260
302
304
315
331
334
361
362
366
369
371
372
376
379
387
389
393
401
408
424
436
441
442
447
448
467
473
474
478
496
497
498
504
505
532
545
547
550
551
553
558
559
679
682
703
706
712
714
724
725
730
732
733
735
736
741
745
748
757
762
764
767
768
787
797
820
836
840
844
849
850
851
853
882
904
932
939
941
960
963
978
982
1000
1020
1029
1032
1039
1074
1076
1099
1103
1104
1118
1123
1153
1159
1203
1209
1213
1217
1220
1228
1238
1243
1276
1280
1291
1292
1303
1316
1340
1354
1409
1412
1425
1429
1477
1480
1497
1500
1506
1512
1562
1577
1581
1584
1601
1606
1622
1626
1628
1634
1649
1659
1665
1666
1667
1673
1676
1678
1679
1684
1693
1694
1729
1735
1739
1740
1741
1760
1771
1787
1789
1790
1798
1801
1808
1835
1836
1847
1860
1862
1886
1920
1994
1996
2010
2013
2024
2027
2039
2054
2080
2097
2102
2107
2114
2118
2126
2128
2151
2159
2193
2195
2202
2219
2224
2225
2237
2240
2247
2251
2257
2268
2271
2281
2291
2297
2301
2322
2323
2325
2344
2365
2374
2375
2376
2410
2419
2434
2447
2462
2470
2474
2475
2476
2491
2500
2505
2512
2520
2526
2528
2532
2534
2538
2540
2543
2546
2551
2552
2570
2574
2577
2578
2583
2596
2604
2609
2637
2638
2647
2650
2652
2660
2672
2699
2714
2728
2737
2763
2768
2769
2783
2791
2799
2802
2810
2813
2815
2818
2833
2847
2867
2884
2896
2897
2898
2902
2907
2917
2924
2926
2927
2933
2945
2946
2948
2950
2951
2953
2956
2999
3009
3013
3023
3025
3038
3039
3042
3053
3056
3063
3069
3071
3072
3085
3086
3089
3093
3094
3095
3096
3100
3107
3120
3129
3139
3142
3152
3153
3154
3157
3166
3168
3174
3176
3180
3184
3198
3205
3216
3223
3229
3239
3241
3242
3251
3252
3261
3263
3264
3266
3267
3276
3277
3287
3290
3295
3298
3302
3309
3313
3320
3336
3345
3356
3367
3372
3377
3378
3381
3384
3387
3394
3395
3396
3399
3400
3409
3413
3415
3416
3417
3418
3422
3425
3459
3477
3491
3547
3565
3573
3587
3596
3599
3607
3622
3632
3645
3652
3673
3684
3707
3711
3744
3747
3759
3775
3779
3790
3795
3797
3821
3828
3833
3839
3856
3864
3868
3873
3879
3906
3910
3912
3916
3918
3920
3926
3933
3934
3939
3948
3960
3961
3970
3984
3990
3991
3993
3999
4033
4043
4052
4055
4058
4064
4069
4107
4127
4135
4145
4146
4153
4158
4159
4161
4167
4182
4201
4204
4209
4212
4227
4229
4233
4235
4237
4249
4277
4301
4303
4310
4315
4323
4339
4343
4360
4367
4369
4371
4401
4408
4411
4447
4465
4477
4488
4493
4510
4518
4536
4537
4579
4586
4591
4592
4605
4606
4615
4622
4623
4659
4665
4690
4733
4748
4772
4774
4798
4806
4807
4812
4818
4841
4850
4884
4887
4890
4893
4894
4908
4910
4918
4933
4937
4952
4955
4963
4964
4970
4976
4981
5001
5020
5044
5077
5080
5081
5082
5091
5094
5097
5102
5112
5113
5116
5117
5121
5141
5162
5177
5203
5212
5226
5234
5272
5286
5287
5291
5293
5299
5303
5304
5309
5331
5332
5335
5340
5349
5350
5352
5357
5379
5396
5398
5409
5411
5435
5441
5442
5455
5465
5469
5477
5505
5516
5517
5520
5533
5559
5596
5597
5608
5609
5615
5641
5643
5659
5661
5665
5667
5670
5671
5672
5675
5686
5690
5693
5708
5710
5713
5724
5732
5739
5740
5750
5751
5755
5756
5757
5762
5780
5789
5808
5854
5873
5875
5876
5889
5899
5900
5902
5910
5919
5934
5937
5946
5947
5949
5955
5974
5975
5977
5986
6003
6020
6027
6030
6034
6056
6059
6065
6070
6082
6085
6090
6092
6093
6096
6101
6103
6120
6121
6124
6135
6157
6180
6188
6199
6217
6223
6225
6246
6276
6277
6278
6282
6315
6331
6337
6340
6346
6361
6368
6373
6382
6402
6410
6422
6428
6430
6433
6441
6442
6463
6473
6477
6488
6497
6498
6499
6502
6511
6527
6537
6538
6556
6562
6604
6616
6630
6638
6639
6655
6659
6665
6682
6689
6694
6695
6697
6702
6707
6710
6719
6725
6731
6767
6788
6789
6807
6810
6811
6815
6817
6818
6819
6841
6844
6849
6853
6855
6856
6869
6873
6874
6884
6886
6887
6888
6908
6914
6928
6929
6930
6944
6953
6961
7024
7030
7041
7045
7046
7065
7068
7090
7093
7109
7110
7111
7130
7136
7149
7168
7199
7218
7220
7225
7234
7240
7247
7253
7260
7296
7305
7315
7319
7337
7342
7344
7352
7353
7354
7362
7370
7386
7391
7407
7433
7453
7464
7469
7470
7475
7482
7484
7490
7494
7497
7504
7539
7548
7558
7570
7593
7596
7603
7604
7605
7627
7635
7644
7650
7659
7670
7672
7678
7679
7693
7698
7704
7715
7729
7733
7737
7747
7749
7765
7789
7791
7796
7810
7813
7814
7816
7817
7820
7824
7825
7831
7839
7847
7855
7865
7867
7871
7891
7895
7896
7897
7899
7904
7912
7927
7928
7930
7935
7940
7959
7963
7964
7966
7967
7968
7977
7983
7984
7992
7993
7997
8010
8020
8021
8023
8040
8085
8091
8100
8115
8126
8130
8166
8204
8205
8217
8220
8222
8224
8225
8255
8259
8264
8287
8288
8293
8298
8327
8351
8353
8355
8359
8361
8367
8370
8373
8396
8406
8428
8430
8432
8438
8441
8467
8472
8496
8497
8509
8512
8514
8518
8543
8544
8546
8558
8561
8567
8571
8572
8615
8618
8628
8666
8685
8689
8690
8691
8704
8711
8717
8730
8734
8748
8756
8771
8778
8780
8781
8795
8823
8830
8836
8849
8853
8854
8855
8877
8880
8906
8909
8916
8919
8932
8944
8945
8947
8962
8974
8975
8977
8987
8996
8998
9020
9025
9027
9033
9036
9045
9047
9059
9064
9075
9081
9087
9088
9090
9098
9102
9108
9110
9112
9147
9156
9172
9210
9230
9234
9239
9246
9252
9258
9259
9277
9283
9285
9288
9296
9302
9324
9332
9338
9343
9363
9365
9381
9382
9392
9410
9423
9431
9432
9434
9443
9454
9472
9487
9497
9509
9510
9526
9538
9539
9544
9557
9561
9570
9582
9607
9608
9619
9637
9638
9640
9642
9644
9661
9668
9677
9733
9742
9755
9779
9809
9814
9833
9844
9850
9858
9867
9872
9891
9893
9913
9918
9920
9925
9926
9928
9929
9947
9954
9971
9976
9977
9978
9984
10005
10018
10025
10042
10049
10052
10058
10066
10071
10073
10078
10086
10088
10098
10102
10106
10128
10129
10139
10146
10158
10168
10171
10190
10213
10218
10219
10224
10238
10310
10311
10313
10335
10348
10361
10371
10404
10414
10419
10423
10429
10434
10435
10442
10446
10453
10458
10462
10467
10473
10508
10518
10527
10541
10551
10555
10563
10582
10596
10674
10676
10694
10714
10721
10744
10768
10784
10786
10787
10788
10794
10816
10831
10834
10843
10848
10849
10867
10872
10874
10883
10887
10892
10895
10899
10901
10908
10909
10918
10928
10941
10950
10960
10961
10962
10969
10971
10978
10985
10988
10989
10992
10994
10998
11029
11041
11048
11051
11056
11063
11074
11078
11086
11088
11095
11101
11102
11113
11126
11133
11134
11136
11143
11144
11161
11177
11192
11201
11202
11210
11213
11236
11237
11239
11242
11252
11253
11255
11257
11268
11274
11279
11285
11292
11299
11324
11344
11348
11349
11362
11369
11373
11374
11378
11386
11393
11396
11402
11405
11431
11441
11449
11464
11465
11468
11477
11484
11492
11504
11505
11508
11514
11515
11522
11523
11526
11527
11539
11550
11553
11563
11579
11597
11598
11599
11602
11619
11623
11657
11661
11679
11707
11722
11738
11743
11744
11748
11751
11755
11763
11791
11793
11808
11812
11816
11822
11829
11833
11837
11841
11847
11854
11860
11863
11867
11872
11873
11888
11891
11892
11895
11909
11910
11915
11916
11920
11923
11954
11962
11968
11981
11982
11996
11997
11999
12007
12028
12049
12053
12054
12068
12083
12087
12093
12094
12106
12127
12132
12133
12138
12146
12156
12171
12172
12173
12178
12186
12191
12195
12203
12205
12213
12219
12221
12222
12225
12226
12236
12250
12276
12281
12298
12305
12309
12321
12331
12339
12344
12345
12350
12356
12368
12374
12378
12386
12390
12395
12409
12441
12443
12449
12454
12460
12468
12485
12492
12504
12512
12529
12532
12538
12540
12546
12557
12600
12605
12610
12620
12625
12629
12636
12644
12646
12647
12648
12652
12660
12661
12663
12667
12668
12676
12677
12679
12685
12688
12697
12698
12699
12702
12716
12717
12719
12722
12751
12759
12767
12797
12822
12827
12834
12852
12853
12858
12866
12883
12888
12889
12890
12900
12905
12933
12937
12956
12965
12973
12974
12981
12988
12995
12996
13005
13011
13021
13023
13036
13037
13041
13043
13054
13060
13072
13077
13085
13089
13090
13095
13103
13124
13139
13151
13163
13168
13175
13182
13188
13189
13194
13195
13196
13197
13199
13205
13206
13210
13211
13212
13235
13265
13393
13532
13704
13711
13714
13753
13787
13790
13870
13874
14028
14099
14131
14154
14156
14177
14201
14263
14298
14315
14394
14423
14485
14504
14506
14542
14563
14582
14587
14604
14619
14623
14626
14679
14715
14736
14843
14852
14865
14888
14900
14907
14909
14921
14932
14941
14949
14978
14982
15001
15004
15024
15031
15037
15052
15060
15061
15063
15091
15111
15119
15122
15128
15138
15146
15149
15156
15161
15204
15210
15217
15239
15255
15276
15281
15294
15306
15308
15311
15335
15337
15349
15363
15366
15372
15404
15421
15425
15464
15467
15468
15479
15501
15545
15561
15565
15571
15575
15591
15595
15596
15600
15605
15616
15629
15664
15672
15682
15698
15713
15717
15739
15778
15785
15810
15861
15879
15885
15892
15894
15898
15900
15912
15918
15920
15956
15961
15963
15968
15970
15993
15995
15997
16007
16021
16026
16029
16037
16041
16091
16117
16130
16136
16145
16152
16155
16159
16163
16173
16176
16203
16210
16211
16215
16216
16232
16233
16247
16258
16277
16287
16307
16320
16332
16370
16379
16395
16398
16402
16403
16404
16409
16419
16420
16427
16443
16444
16449
16450
16457
16459
16460
16463
16465
16475
16479
16483
16493
16510
16512
16513
16519
16521
16523
16531
16555
16563
16570
16577
16583
16591
16597
16621
16622
16646
16648
16652
16656
16663
16667
16675
16676
16677
16680
16684
16685
16688
16695
16700
16707
16714
16718
16727
16734
16737
16747
16761
16796
16811
16833
16851
16872
16873
16874
16875
16917
16922
16923
16925
16941
16953
16971
16979
16983
16992
16995
16998
17000
17004
17012
17015
17025
17039
17048
17053
17076
17079
17081
17082
17086
17099
17103
17110
17115
17122
17127
17134
17146
17148
17151
17164
17168
17171
17174
17178
17182
17184
17212
17250
17314
17317
17323
17333
17340
17347
17349
17388
17479
17488
17491
17502
17506
17507
17513
17518
17529
17538
17540
17551
17559
17562
17569
17573
17574
17576
17579
17580
17585
17589
17595
17596
17597
17601
17612
17625
17640
17643
17644
17651
17652
17659
17666
17671
17673
17677
17682
17687
17688
17694
17700
17701
17706
17710
17716
17719
17723
17728
17738
17743
17746
17749
17752
17760
17763
17766
17770
17775
17776
17777
17782
17784
17785
17787
17798
17809
17810
17812
17822
17825
17827
17835
17837
17839
17847
17849
17853
17857
17860
17863
17864
17866
17867
17872
17873
17876
17886
17907
17911
17913
17950
17956
17957
17958
17960
17968
17973
17978
17981
17984
17986
17993
18017
18029
18036
18037
18038
18040
18071
18075
18079
18080
18101
18111
18135
18138
18145
18149
18157
18182
18187
18188
18205
18210
18223
18229
18236
18238
18239
18252
18300
18313
18317
18325
18334
18336
18342
18351
18381
18435
18438
18467
18479
18504
18530
18566
18567
18570
18575
18576
18577
18585
18590
18592
18600
18605
18638
18654
18658
18660
18663
18667
18682
18686
18688
18730
18751
18778
18783
18811
18842
18857
18859
18861
18863
18882
18895
18898
18906
18910
18921
18922
18938
18962
18963
18975
18986
18988
19006
19042
19050
19087
19113
19127
19136
19137
19152
19155
19159
19180
19181
19208
19241
19255
19256
19258
19263
19270
19271
19272
19280
19283
19286
19290
19297
19307
19312
19325
19331
19334
19341
19343
19344
19351
19359
19360
19364
19368
19369
19378
19379
19380
19381
19383
19386
19409
19411
19412
19419
19420
19426
19428
19432
19435
19441
19447
19448
19451
19453
19462
19464
19470
19473
19482
19507
19510
19572
19630
19635
19645
19649
19654
19663
19666
19679
19681
19683
19690
19697
19699
19702
19703
19711
19713
19719
19727
19731
19732
19734
19737
19744
19751
19758
19760
19762
19763
19766
19767
19769
19773
19780
19796
19799
19810
19823
19826
19828
19830
19831
19833
19837
19839
19856
19860
19864
19866
19870
19874
19880
19890
19892
19895
19902
19906
19912
19913
19930
19935
19943
19946
19950
19955
19959
19962
19963
19968
19975
19981
19983
19984
20035
20037
20039
20114
20137
20142
20210
20216
20298
20311
20321
20328
20352
20379
20396
20398
20439
20457
20467
20485
20489
20525
20552
20584
20618
20641
20667
20679
20693
20698
20725
20734
20744
20766
20775
20792
20797
20811
20824
20834
20835
20840
20887
20898
20905
20917
20945
20946
20982
21000
21007
21019
21030
21039
21040
21041
21046
21050
21051
21060
21065
21071
21073
21078
21093
21097
21129
21133
21134
21140
21143
21201
21210
21228
21251
21253
21261
21278
21287
21291
21292
21297
21301
21318
21319
21333
21357
21358
21376
21382
21387
21393
21394
21401
21404
21408
21411
21417
21419
21429
21454
21462
21466
21469
21503
21538
21550
21571
