227
312
880
890
897
1100
1611
1890
1964
3019
3024
3065
3249
3338
3488
3512
3541
3615
4045
4078
4366
4629
5189
5554
5765
5779
5785
5786
5842
5941
6037
6156
6406
6464
6596
6637
6954
6959
7047
7537
7543
7633
7662
8174
9143
9729
9749
9770
9784
9816
9821
9836
9848
10297
10341
10372
10376
11137
11185
11882
12986
14109
14862
15543
15573
15793
16108
16158
16226
16759
16766
16948
17106
17119
17141
17144
17190
17237
17243
17375
17402
17916
17924
17926
18347
18425
18496
18748
18753
18985
18991
18996
19005
19061
19075
19444
21096
21392
21473
21519
21525
