42
75
232
235
249
275
290
402
562
754
842
875
977
1026
1030
1085
1207
1212
1246
1312
1579
1715
1842
1880
1889
1910
1960
2115
2467
2521
2550
2553
2606
2954
3034
3040
3187
3310
3559
3955
4063
4071
4147
4267
4349
4603
4785
5002
5134
5334
5471
5570
6595
6632
6912
7104
7124
7143
7367
7406
7888
8105
8149
8193
8200
8903
8950
9153
9265
9654
9680
10014
10100
10268
10406
10640
10682
10752
10876
10902
10959
11183
11224
11265
11341
11372
11462
11816
11866
11882
11949
12011
12152
12208
12340
12355
12399
12424
12426
12465
12490
12655
12689
12701
12814
12843
13170
13190
13201
13242
13269
13834
14418
14840
15198
15329
15357
15540
15584
15725
15737
16097
16115
16279
17001
17038
17141
17392
17664
18323
18604
18860
19318
19387
19480
19570
19672
19807
20186
20382
20465
21177
21567
