5
6
57
97
193
197
235
327
395
501
516
855
1131
1215
1273
1369
1385
1395
1399
1582
1652
1777
1843
1952
2044
2172
2217
2264
2382
2436
2456
2617
2727
2741
2749
2777
2848
2913
2922
2947
3138
3191
3282
3306
3330
3337
3358
3401
3429
3847
3855
3881
3949
3979
3981
4047
4133
4289
4296
4382
4490
4599
4825
4905
4939
4988
5003
5033
5109
5185
5338
5467
5467
5518
5531
5610
5636
5847
5933
6142
6221
6239
6259
6269
6386
6585
6588
6735
6890
6897
7062
7215
7336
7395
7700
7792
7917
7934
8004
8140
8161
8166
8257
8273
8400
8446
8535
8759
8941
8993
9058
9093
9094
9323
9470
9521
9667
9865
9989
10120
10139
10172
10175
10319
10339
10487
10489
10519
10701
10882
10956
11085
11091
11269
11392
11436
11729
11739
11769
11885
11936
11939
11964
12002
12052
12055
12160
12311
12323
12372
12417
12436
12500
12583
12587
12695
12709
12711
12713
12720
12872
13173
13179
13852
13856
14483
14832
14858
15033
15043
15106
15287
15341
15618
15676
15686
15720
15856
15860
15863
15871
15875
15877
15890
15906
15910
15911
15917
15952
15999
16012
16071
16099
16147
16525
16751
16765
17057
17092
17145
17183
17312
17332
17378
17393
17503
17509
18035
18408
18409
18482
18614
18954
18973
19165
19721
20018
20366
20645
20649
20723
20763
21243
21493
