127
144
191
194
211
236
237
242
246
248
273
349
352
353
368
489
502
543
704
708
791
835
873
918
930
945
952
988
1026
1306
1335
1343
1387
1556
1616
1661
1686
1692
1709
1711
1856
1875
1878
1904
1909
1948
1980
1990
2007
2046
2061
2121
2175
2187
2231
2383
2449
2511
2515
2517
2522
2530
2585
2688
2767
2775
2838
2925
2957
2970
2973
2998
3003
3015
3017
3048
3065
3115
3145
3169
3174
3189
3204
3303
3332
3342
3364
3389
3430
3452
3455
3507
3509
3556
3563
3571
3592
3594
3609
3798
3843
3869
3906
3980
3985
3995
4016
4028
4039
4041
4125
4129
4162
4171
4174
4232
4246
4315
4333
4340
4365
4367
4386
4425
4429
4453
4467
4474
4481
4525
4569
4576
4584
4590
4593
4600
4604
4609
4662
4664
4689
4713
4714
4742
4848
4867
4951
4953
4962
4983
5037
5061
5116
5118
5119
5123
5125
5150
5156
5167
5171
5244
5268
5270
5273
5281
5542
5553
5630
5683
5796
5852
5866
6023
6060
6086
6111
6119
6125
6163
6166
6169
6177
6184
6201
6208
6264
6301
6348
6404
6413
6432
6578
6598
6606
6652
6656
6722
6742
6746
6760
6791
6876
6893
6905
6913
6996
7067
7097
7150
7174
7287
7355
7423
7496
7529
7611
7618
7639
7684
7742
7854
8015
8041
8069
8089
8100
8117
8131
8134
8160
8167
8188
8209
8210
8288
8405
8421
8440
8478
8493
8516
8553
8598
8600
8606
8610
8623
8630
8672
8675
8749
8755
8765
8815
8820
8835
8856
8882
8914
8959
8964
8971
9031
9065
9155
9208
9253
9279
9293
9436
9445
9527
9583
9634
9639
9650
9674
9718
9801
9849
9913
9947
10011
10078
10080
10106
10168
10190
10192
10200
10228
10268
10395
10406
10452
10539
10567
10588
10620
10621
10627
10632
10641
10693
10750
10797
10845
10873
10947
11007
11025
11100
11118
11149
11213
11231
11350
11388
11403
11444
11455
11491
11559
11632
11639
11723
12286
12503
12533
12595
12609
12680
12686
12775
12803
12940
13056
13074
13096
13102
13115
13142
13184
13200
13236
13256
13266
13276
13280
13281
13290
13291
13542
13611
13633
13963
14211
14395
14698
14732
14829
15063
15200
15230
15238
15244
15322
15344
15351
15520
15939
15964
16005
16007
16077
16366
16429
16438
16593
16607
16636
16649
16651
16658
16710
16723
16739
16762
16939
16961
16968
16997
17003
17028
17054
17079
17093
17096
17100
17101
17108
17110
17135
17161
17190
17199
17236
17254
17289
17291
17298
17329
17353
17354
17355
17359
17365
17369
17405
17408
17415
17419
17427
17429
17430
17431
17433
17478
17516
17519
17618
17658
17669
17750
17771
17780
17813
17816
17875
17886
17888
17892
17913
17929
17963
18066
18085
18108
18146
18186
18213
18234
18325
18329
18332
18340
18389
18401
18405
18419
18432
18448
18493
18521
18523
18621
18651
18689
18698
18728
18736
18738
18746
18754
18765
18773
18774
18795
18810
18840
18857
18896
19069
19110
19128
19193
19285
19291
19397
19403
19492
19497
19499
19505
19506
19509
19556
19559
19560
19684
19756
19832
19844
19869
19903
19927
19996
19998
20008
20030
20090
20092
20093
20095
20101
20103
20270
20333
20420
20459
20464
20474
20632
20653
20662
20709
20721
20756
20774
20778
20828
20869
20878
20881
20882
20890
20909
20919
20936
20959
20981
20991
21002
21006
21013
21018
21067
21076
21131
21149
21197
21216
21267
21363
21369
21417
21443
21459
21475
21482
21492
21502
21506
21541
21568
