425
872
1533
1926
2190
2354
2452
2633
3019
3020
3065
3076
3267
3338
3421
4616
4882
5290
5778
6108
8097
8189
8591
8621
8657
8664
8714
8735
9022
9061
9079
9120
9129
9166
9213
9214
9222
9224
9295
9783
9871
9946
10081
10308
10357
10364
10382
10475
10617
10654
10659
10660
10684
10689
10696
10736
10751
10762
10766
10769
10770
10782
11120
11135
11163
11212
11254
11774
11783
11844
11944
11972
12136
12145
12337
12396
12422
12437
12470
12522
12693
12780
12795
12877
13315
13512
13524
13531
13544
13660
13869
13903
13919
13988
14767
14770
14779
14913
14931
15212
15431
15442
15449
15460
15549
15562
15625
15689
16053
16068
16069
16111
16189
16200
16744
16954
16976
16977
16982
17041
17047
17064
17065
17066
17072
17088
17126
17138
17200
17202
17205
17208
17209
17210
17211
17230
17231
17240
17265
17266
17268
17270
17283
17293
17300
17308
17313
17320
17325
17363
17367
17370
17382
17420
17428
17871
18012
18142
18370
18404
18422
19023
19028
19061
20868
21157
21542
21573
