5
6
19
57
97
106
124
136
180
193
197
228
235
241
253
254
327
395
425
501
516
742
855
856
874
1057
1067
1069
1094
1131
1185
1215
1257
1273
1295
1299
1369
1377
1388
1395
1396
1399
1405
1406
1557
1570
1582
1590
1623
1631
1640
1652
1674
1731
1777
1792
1843
1845
1882
1901
1907
1915
1952
1970
2003
2008
2044
2074
2095
2172
2191
2217
2223
2232
2264
2367
2382
2425
2436
2456
2508
2524
2535
2617
2727
2741
2747
2749
2777
2848
2857
2864
2913
2922
2947
2975
3082
3084
3132
3138
3191
3272
3282
3306
3314
3323
3324
3330
3334
3335
3337
3358
3386
3390
3401
3429
3445
3737
3847
3855
3881
3904
3949
3979
3981
4047
4057
4077
4133
4203
4289
4296
4314
4356
4382
4478
4490
4524
4549
4599
4637
4671
4678
4696
4719
4778
4825
4905
4939
4988
5003
5033
5056
5109
5185
5266
5338
5363
5383
5408
5467
5518
5531
5610
5611
5636
5639
5640
5648
5800
5826
5847
5933
5972
6006
6079
6081
6114
6127
6142
6153
6209
6221
6253
6259
6265
6267
6269
6296
6326
6339
6386
6585
6588
6626
6720
6735
6744
6751
6882
6890
6897
6898
6903
6909
6946
6960
7062
7103
7154
7160
7215
7326
7336
7395
7471
7545
7565
7579
7700
7792
7917
7934
7957
8003
8004
8009
8132
8140
8161
8164
8166
8179
8213
8257
8273
8319
8374
8400
8413
8446
8535
8604
8613
8656
8686
8759
8800
8895
8941
8943
8993
9018
9021
9058
9093
9094
9095
9323
9406
9470
9521
9667
9705
9782
9793
9865
9907
9989
10120
10124
10139
10172
10175
10268
10305
10319
10339
10406
10444
10487
10489
10494
10519
10569
10643
10701
10830
10882
10956
11040
11065
11085
11091
11119
11208
11216
11224
11269
11316
11343
11380
11392
11399
11415
11427
11436
11445
11536
11640
11645
11655
11671
11694
11729
11739
11768
11769
11815
11834
11840
11862
11885
11886
11911
11936
11939
11964
12002
12009
12052
12055
12081
12160
12161
12192
12254
12261
12269
12311
12323
12325
12327
12338
12372
12417
12420
12428
12436
12458
12500
12543
12583
12587
12615
12638
12695
12709
12711
12713
12720
12723
12726
12762
12768
12802
12830
12849
12872
12887
12971
13067
13070
13094
13097
13099
13120
13123
13129
13162
13173
13179
13277
13294
13313
13458
13729
13795
13852
13856
14126
14212
14313
14340
14360
14389
14483
14491
14509
14515
14688
14706
14718
14721
14722
14828
14832
14841
14858
15033
15043
15097
15106
15132
15271
15273
15287
15303
15341
15367
15388
15472
15500
15531
15567
15572
15580
15582
15618
15676
15686
15710
15720
15726
15728
15836
15853
15856
15860
15863
15864
15866
15868
15869
15870
15871
15874
15875
15877
15890
15893
15906
15910
15911
15914
15916
15917
15927
15928
15942
15952
15975
15999
16009
16012
16071
16079
16099
16144
16147
16265
16271
16359
16525
16601
16751
16753
16763
16765
16790
16936
16943
16947
16960
16974
17010
17022
17057
17092
17145
17167
17179
17183
17198
17257
17280
17312
17323
17332
17351
17356
17366
17378
17380
17383
17386
17393
17398
17426
17443
17503
17509
17521
17662
17755
17769
17955
17962
18024
18035
18263
18275
18297
18306
18345
18377
18400
18408
18409
18413
18460
18482
18609
18614
18642
18899
18908
18954
18973
19055
19059
19165
19169
19213
19275
19322
19388
19549
19668
19721
19835
19947
19964
20018
20052
20231
20239
20258
20366
20511
20550
20611
20645
20649
20723
20738
20763
21123
21152
21243
21368
21493
21530
21570
