221
225
233
296
307
322
336
341
411
475
522
913
926
942
943
953
999
1008
1078
1112
1125
1154
1421
1427
1503
1553
1560
1724
1931
1943
1967
1971
1976
1982
1995
2022
2064
2155
2228
2576
2601
2626
2683
2697
2709
2725
2925
2952
2966
2979
2996
3002
3007
3020
3043
3044
3068
3092
3103
3111
3121
3122
3128
3131
3133
3137
3164
3192
3219
3253
3283
3292
3360
3371
3449
3493
3524
3528
3534
3539
3542
3702
3762
3825
3982
4005
4090
4131
4188
4275
4298
4458
4602
4682
4720
4783
4822
4881
4944
5127
5232
5235
5237
5241
5277
5290
5404
5439
5779
5836
5861
6046
6091
6156
6178
6197
6350
6352
6359
6369
6399
6400
6406
6426
6452
6453
6483
6531
6543
6764
6922
7031
7159
7207
7310
7313
7460
7499
7538
7559
7562
7571
7587
7599
7614
7652
7716
7769
8103
8135
8137
8145
8147
8153
8168
8182
8184
8194
8247
8299
8344
8401
8677
8723
8802
8884
8951
8991
9012
9138
9164
9216
9261
9361
9656
9675
9701
9730
9784
9841
9848
9855
9943
9988
10091
10156
10246
10464
10503
10545
11083
11200
11238
11244
11263
11314
11365
11425
11746
11776
11817
11820
11831
11848
11858
11861
11900
11907
11913
11934
11940
11941
11960
11989
12010
12016
12027
12040
12073
12084
12091
12101
12102
12112
12122
12125
12131
12147
12183
12197
12229
12235
12246
12259
12260
12274
12278
12302
12316
12333
12336
12337
12396
12398
12406
12410
12418
12447
12453
12456
12469
12470
12471
12483
12494
12501
12509
12514
12554
12571
12592
12627
12632
12650
12653
12657
12687
12694
12696
12731
12732
12741
12745
12774
12789
12810
12812
12819
12840
12846
12880
12891
12908
12912
12919
12923
13008
13024
13105
13144
13231
13262
13321
13543
14270
14293
14642
14849
14861
14890
14919
14964
15049
15096
15212
15310
15364
15378
15384
15410
15436
15444
15539
15550
15552
15560
15578
15579
15610
15615
15617
15816
16053
16072
16074
16075
16083
16096
16120
16150
16161
16180
16214
16274
16304
16383
16407
16565
16681
16852
16942
16951
16981
16982
16989
17018
17051
17052
17063
17071
17077
17147
17172
17191
17200
17204
17222
17240
17244
17247
17266
17267
17268
17292
17325
17396
17448
17470
17577
17593
17620
17758
17883
17899
17943
17966
18051
18086
18142
18185
18362
18452
18465
18488
18520
18549
18564
18595
18672
18724
18763
18904
19022
19167
19191
19201
19237
19483
19511
19512
19529
19557
19693
19775
19875
20021
20038
20048
20159
20262
20263
20409
20500
20532
20631
20678
20764
20769
21285
21342
21422
21491
21508
21510
