58
80
81
100
109
111
198
203
220
330
839
940
1308
1898
1912
1933
2468
2554
2686
2744
2858
2872
2994
3073
3246
3348
3524
3661
3930
4519
4544
4602
4686
4938
5060
5207
5253
5782
5798
5836
6156
6619
6970
7012
7014
7029
7036
7313
7421
7428
7437
7499
7555
7587
7674
7767
7818
7980
8636
8723
9107
9178
9700
9752
10155
10183
10246
10594
10708
10737
10746
10754
10757
11765
12429
12576
12703
12706
12714
12748
12758
12841
13019
13157
13159
13471
13949
13994
14573
14770
15246
15552
15950
15951
15987
15989
15996
16063
16083
16250
16268
16282
16650
16755
16779
16908
16955
17036
17042
17051
17063
17156
17169
17193
17233
17246
17260
17377
17395
17397
18424
18437
18487
19028
19294
20025
