6
69
97
200
229
297
303
313
327
486
833
855
1151
1394
1405
1582
1792
1882
1966
2087
2172
2359
2382
2456
2521
3082
3206
3282
3453
3458
3467
3540
3888
3979
3981
4040
4076
4083
4133
4392
4490
4512
4549
4599
5391
5531
5610
5702
5761
5833
6116
6265
6269
6890
6906
7037
7356
7515
7625
7700
7951
8003
8112
8132
8140
8213
8273
8319
8522
9058
9197
9521
9617
9756
9919
10172
10175
10300
10590
10705
10712
10720
10758
10882
11052
11233
11541
11739
11778
11836
11840
11885
11911
11936
11939
11964
11984
12002
12076
12160
12192
12254
12275
12348
12372
12425
12439
12709
12710
12711
12712
12720
12757
12982
13173
13179
13313
13915
14483
14512
14603
14706
14858
14892
15043
15106
15129
15500
15536
15574
15686
15721
15853
15865
15871
15875
15890
15906
15917
15921
15953
15975
15999
16147
16265
16433
16525
16972
17010
17021
17131
17132
17312
17337
17366
17386
17755
18177
18306
18345
18382
18391
18408
18409
18417
18427
18431
18482
18544
19057
19277
19549
19630
19668
19721
20208
20461
20550
20645
20911
21080
21497
