6
69
97
200
229
235
297
303
313
833
855
1394
1405
1582
1792
1882
2087
2382
2456
2521
3282
3453
3458
3467
3540
3979
4076
4083
4133
4392
4490
4549
4599
5391
5531
5610
5702
6062
6116
6265
6269
6890
6906
7037
7356
7515
7625
7700
8003
8140
8522
9058
9521
9617
9919
10172
10175
10705
10882
11739
11936
11939
11964
11984
12002
12160
12192
12254
12348
12425
12709
12711
12720
12757
13915
14706
14858
14892
15043
15106
15536
15686
15853
15865
15871
15875
15890
15906
15917
15921
15953
15999
16525
16752
17312
17337
18177
18408
18409
18417
18427
18544
19057
19630
19721
20208
20335
20461
20645
20911
21080
