46
105
235
259
293
343
684
1216
1440
1519
1537
1598
1785
1815
1946
1975
2195
2206
2239
2246
2359
2389
2521
2760
2777
2964
2975
2976
3191
3228
3310
3492
3511
3577
3589
3639
3690
3701
3792
3928
4077
4096
4099
4117
4630
4898
4965
5175
5214
5835
6486
6657
6935
6939
6998
7308
7501
7510
7512
7545
7569
8004
8176
8306
8654
8683
8684
8800
9069
9124
9163
9207
9305
9349
9362
9374
9393
9398
9470
9746
9941
10014
10107
10124
10299
10306
10367
10373
10687
10803
11043
11166
11173
11213
11224
11230
11231
11330
11341
11387
11462
11826
11893
12003
12117
12135
12174
12372
12415
12423
12462
12690
12760
12772
12778
12790
13237
13286
14146
14434
14440
14832
14885
14886
14922
14923
14988
15013
15017
15394
15415
15446
15462
15696
15727
15804
16093
16185
16327
16749
16975
17059
17067
17097
17123
17140
17221
17241
17275
17330
17334
17341
17342
17346
17443
17509
17923
18128
18375
18395
18396
18429
18459
18531
18557
18609
18642
19262
19373
19668
20462
21321
21493
21536
21565
