47
271
312
338
342
354
718
843
894
924
925
991
1022
1197
1201
1210
1226
1347
1356
1478
1499
1588
1611
1656
1675
1680
1772
1809
1811
1839
1863
1871
1890
1932
1940
1951
1963
1964
2278
2352
2359
2417
2499
2511
2521
2535
2618
2620
2648
2862
2985
3019
3065
3078
3199
3267
3338
3441
3446
3512
3532
3553
3593
3615
3690
3770
3902
3931
4026
4027
4031
4048
4078
4084
4115
4156
4158
4172
4238
4259
4513
4552
4595
4629
4632
4638
4654
4717
4835
4903
4987
5057
5146
5160
5169
5189
5220
5236
5274
5278
5280
5285
5288
5371
5376
5458
5507
5508
5542
5561
5570
5684
5692
5717
5752
5779
5785
5786
5810
5850
5852
5895
5908
5941
5954
5964
5973
6253
6406
6450
6464
6535
6593
6596
6637
6716
6757
6866
6926
6952
6954
6959
6964
6976
7011
7087
7135
7375
7477
7521
7531
7537
7543
7600
7626
7628
7632
7633
7640
7643
7662
7771
7802
7804
7907
8029
8044
8080
8102
8106
8132
8135
8138
8141
8149
8151
8153
8156
8158
8173
8174
8186
8189
8198
8212
8240
8244
8252
8273
8554
8592
8596
8597
8599
8602
8608
8624
8635
8637
8662
8663
8667
8671
8676
8692
8699
8725
8746
8747
8922
8982
9007
9015
9051
9055
9060
9076
9135
9143
9171
9184
9194
9315
9406
9415
9498
9515
9532
9592
9603
9628
9657
9697
9704
9712
9729
9749
9751
9763
9770
9777
9784
9795
9816
9821
9836
9847
9848
9849
9864
9897
9957
10005
10209
10255
10264
10265
10268
10275
10297
10341
10347
10352
10355
10372
10375
10376
10406
10455
10520
10530
10608
10623
10625
10642
10643
10665
10695
10767
10771
10779
10780
10781
10807
10825
10905
11076
11174
11175
11198
11209
11222
11225
11254
11260
11281
11287
11315
11352
11357
11390
11397
11446
11460
11461
11487
11498
11545
11555
11558
11574
11580
11658
11771
12401
12457
12472
12473
12563
12564
12602
12603
12604
12623
12755
12848
13039
13045
13046
13278
13289
13482
13649
13869
13903
13908
13946
14012
14109
14199
14220
14739
14770
14826
14832
14858
14862
14881
14904
14912
15154
15171
15223
15313
15352
15372
15375
15386
15430
15447
15452
15552
15666
15725
15737
15840
16052
16088
16094
16095
16118
16125
16126
16139
16190
16256
16257
16357
16442
16505
16745
16763
16766
16774
16775
16777
16784
16787
16788
16790
16794
16856
16871
16926
16929
16932
16935
16943
16946
16947
16948
16957
16959
16960
16963
16964
16970
16972
16973
16985
17023
17068
17074
17075
17083
17084
17085
17106
17126
17170
17180
17186
17190
17194
17198
17201
17202
17205
17216
17237
17243
17245
17251
17256
17269
17274
17277
17279
17282
17283
17296
17304
17305
17307
17312
17322
17335
17338
17374
17375
17385
17449
17452
17511
17670
17871
17924
17926
17948
18061
18104
18148
18257
18302
18347
18399
18422
18443
18461
18472
18496
18519
18554
18748
18753
18798
18835
18867
18991
18992
19033
19044
19062
19163
19273
19293
19377
19433
19444
19539
19546
19555
19658
19672
19918
19918
19947
20335
20441
20461
20462
20469
20511
20649
20682
20757
20787
20829
20865
20989
21031
21187
21391
21392
21562
