6
69
200
235
274
313
320
332
833
885
944
1110
1211
1848
2420
2456
2975
3499
3540
3950
4035
4138
4199
4305
4436
4650
4681
5142
5152
5169
5218
5285
5292
5315
5391
5506
5635
5655
5761
5791
6058
6062
6344
6354
6412
6421
6535
6585
6954
6993
6994
7037
7515
7625
8003
8086
8156
8159
8596
9193
9550
9756
9933
9982
10015
10175
10300
10330
10758
10903
11437
11671
11778
11840
11886
11932
11953
12224
12372
12425
12585
12746
12786
13080
13738
14509
14833
14840
14892
15341
15500
15751
15853
15871
15875
15890
15906
15923
15975
16080
16193
16362
16752
16945
16956
17105
17131
17137
17386
17389
17477
17759
18150
18378
18393
18395
18403
18420
18464
18565
18599
18700
18744
18781
19088
19367
19534
19551
19867
20232
20335
20389
20461
20911
21152
21497
