1008
10748
1210
1343
1457
1611
1656
1890
1904
1932
1940
1964
1970
1976
2022
2565
2576
271
2985
2993
3044
3067
312
3137
3199
3217
336
341
3442
3533
3584
3593
3612
3615
3666
3690
3843
4078
4084
411
4115
4131
4188
4238
4569
4638
4682
4720
4768
4783
4822
4987
5146
5181
5189
5201
5220
5236
5266
5269
5274
5277
5360
5371
5508
5779
5785
5810
5811
5861
5905
5909
5941
5945
6201
6301
6399
6406
6445
6452
6464
6596
6637
6952
6964
6976
7020
7027
7080
7100
7135
7537
7543
7559
7599
7633
7652
7662
8132
8174
8212
8902
924
943
953
988
999
