10043
10394
1088
1112
11587
1185
1201
1226
1257
1295
1356
1560
1582
1590
1623
1631
1724
1792
1811
1845
1871
19
1931
1943
1949
1967
1982
1983
211
2217
2367
2382
2425
2452
2508
2601
2648
2697
2747
2864
296
2996
3001
3068
307
3076
3272
3282
3306
3314
3334
3335
3358
3401
3411
3435
3482
3483
3493
3514
3535
3554
3847
3855
395
3981
4026
4041
4047
4057
4088
4090
4093
4125
4170
425
4478
4490
4549
4552
4595
4600
4604
4666
4678
4835
4848
4903
4905
4962
4988
5056
5057
5160
5206
5223
5232
5241
5270
5271
5279
5288
5363
5376
5412
5531
5561
5611
5636
5639
5648
5819
5841
5847
6006
6079
6114
6209
6221
6359
6400
6531
6716
6720
6742
6751
6866
6981
704
7087
7313
7531
7538
7562
7568
7571
7640
7710
8138
8153
8273
8597
8599
913
926
942
