1026
1067
10717
11885
127
12770
1306
1347
1369
1377
1387
144
1478
1557
1616
1675
1692
1709
1711
1839
1856
1875
1878
1882
1909
191
194
1990
2007
2008
2046
2061
2121
2172
2191
2223
2231
235
236
237
2383
2417
242
2449
2456
246
248
2522
253
2530
254
2585
2617
2620
2688
273
2767
2775
2777
2913
2922
2925
2957
2966
2973
2975
2998
3003
3015
3019
3031
3048
3065
3115
3138
3169
3174
3189
3191
3267
3303
3323
3330
3332
3342
3364
3389
3430
3433
3446
3452
3455
3461
349
3509
352
3526
353
3556
3571
3592
3594
3609
3798
3979
3980
3985
3995
4028
4039
4077
4129
4171
4174
4246
4259
4296
4314
4365
4382
4453
4474
4481
4524
4576
4584
4590
4593
4609
4629
4632
4633
4654
4662
4664
4671
4689
4709
4713
4714
4717
4719
4951
4983
5003
5033
5037
5061
5109
5118
5123
5125
5167
5169
5171
5193
5244
5273
5281
5292
543
5467
5499
5610
5683
5796
5800
5850
5972
6023
6060
6108
6111
6119
6137
6169
6177
6184
6208
6253
6264
6267
6348
6386
6413
6432
6535
6576
6578
6626
6722
6945
6954
6959
7011
708
7375
7429
7521
7626
791
7959
7961
8106
8141
8149
8156
8186
8244
8252
843
8596
8602
8624
873
874
894
915
930
945
952
