10539
10797
11271
1131
11840
12161
12162
12164
124
12761
12768
12823
13162
13235
1335
136
13688
1388
1396
1405
1406
14818
14839
14957
14959
15484
15696
1915
1916
193
197
2044
2190
228
2310
2326
2436
2499
2515
2517
2521
2524
2535
2542
256
2633
281
2828
2853
2944
2947
2955
2971
3017
3028
3082
3222
3292
3329
3337
338
3473
3507
3512
3532
354
3563
3572
3796
3869
3881
3902
3906
3931
3955
4051
4061
4289
4315
4367
4386
4425
4513
4617
4680
47
4703
4711
4735
4739
4740
4778
4781
4845
4867
4882
4953
501
5116
5119
5150
5156
518
5185
5190
5268
5285
5330
5338
5383
5458
5570
5630
5684
5692
5734
5778
5858
5870
5895
5964
5973
6
6083
6086
6125
6166
6265
6269
6338
6450
6757
7043
7119
7394
7460
7534
7632
7771
7804
8009
8135
8158
8200
8214
8240
8319
855
8554
857
8592
8637
8662
8950
9314
9356
9479
9604
969
