1026
10388
10391
10641
1069
1088
1094
11385
11694
11813
11911
12081
12179
124
12761
12823
12849
13235
136
13688
1369
1395
13963
1405
1406
1421
14211
1478
14818
14959
1499
1503
1533
15484
1553
15531
15696
1570
1611
1656
1674
1675
1680
1686
1711
1724
1731
1772
1811
1839
1843
1845
1863
1875
1882
19
193
1932
1940
1948
1967
2003
2007
2008
2025
2095
211
2175
2190
221
2264
2278
228
2286
2352
237
2382
2406
242
2452
2456
246
2499
2511
2521
253
2530
254
2585
2617
2618
2620
2626
2633
2635
2648
2683
2688
271
273
2747
2765
2767
2777
2828
2848
2913
2922
2925
2947
2966
2970
2985
2993
3017
3019
3031
3065
3078
3121
3164
3169
3174
3189
3191
3199
3204
3256
3306
3324
3338
3342
3347
3364
338
3390
3411
3421
3430
3435
3441
3442
3445
3446
3461
3473
3507
3512
3514
3526
3532
354
3553
3563
3571
3592
3615
3694
3735
3798
3855
3869
3904
3979
3985
4016
4031
4038
4041
4049
4077
4078
4084
4125
4139
4156
4158
4162
4174
4209
4238
4246
4259
4275
4289
4296
4298
4340
4345
44
4429
4467
4513
4525
4584
4590
4609
4616
4617
4632
4633
4637
4638
4662
4680
47
4703
4709
4711
4712
4713
4740
4742
475
4781
4809
4829
4835
4848
4882
489
49
4951
4962
4987
5
5003
501
502
5033
5037
5061
5070
5146
5154
5171
5176
5183
5189
5193
522
5220
5241
5274
5278
5280
5285
5290
5363
5371
5383
5394
5404
5408
5439
5458
5499
5508
5518
5640
5648
5683
5684
5692
57
5717
5734
5752
5779
5796
5810
5811
5852
5866
59
5908
5941
5954
5964
5973
5998
6046
6086
6108
6111
6119
6125
6137
6163
6166
6169
6177
6208
6253
6259
6264
6265
6267
6269
6326
6357
6406
6426
6432
6450
6535
6543
6578
6585
6588
6593
6598
6606
6626
6656
6720
6722
6744
6746
6882
6941
6945
6952
6959
6964
6976
7036
704
7043
7119
7135
7159
718
7207
7312
7313
7375
742
7429
7460
7500
7521
7537
7538
7587
7600
7614
7626
7628
7632
7633
7669
7716
7769
7804
791
7961
8029
8102
8106
8132
8151
8153
8156
8158
8159
8173
8174
8186
8212
8240
8252
835
8421
843
8554
8596
8602
8608
8624
8635
8675
8696
872
874
8744
8749
8950
903
915
930
9314
945
9473
9479
9604
97
9906
