1026
1067
10717
11885
12770
1306
1347
1377
1387
144
1557
1616
1675
1692
1839
1878
1909
1990
2008
2061
2121
2172
2223
2231
235
236
237
2383
2417
242
2449
2456
246
248
2522
253
254
2620
273
2775
2922
2925
2966
3015
3019
3031
3065
3138
3267
3330
3364
3430
3433
3446
3452
3455
3461
349
352
3526
353
3571
3979
3995
4171
4174
4246
4314
4382
4524
4593
4629
4632
4633
4654
4662
4664
4671
4689
4709
4713
4714
4717
4719
4951
5003
5033
5109
5123
5125
5167
5171
5193
5244
5273
5281
5467
5499
5610
5800
5850
5972
6023
6060
6108
6119
6137
6169
6177
6208
6253
6267
6348
6535
6576
6578
6722
6945
6959
7011
7375
7429
7521
7626
7961
8141
8149
8156
8244
8252
843
8596
8602
8624
873
874
894
915
952
