10797
11271
11840
12161
12162
12164
124
12761
12768
12823
13688
1388
1405
1406
14818
14839
14957
14959
15696
1915
1916
197
2044
2190
2310
2326
2436
2499
2515
2517
2521
2524
2535
2542
256
2633
281
2828
2853
2944
2947
2955
2971
3017
3028
3082
3222
3292
3329
3473
3507
3532
3563
3572
3796
3869
3902
3931
3955
4051
4061
4289
4315
4367
4386
4425
4513
4617
47
4711
4735
4739
4740
4778
4781
4845
4867
4882
4953
501
5119
5156
518
5185
5190
5285
5330
5338
5383
5458
5570
5684
5692
5734
5778
5858
5870
5895
6083
6265
6269
6450
7043
7119
7394
7534
7632
7771
7804
8009
8200
8214
8240
8319
8554
857
8592
8662
8950
9314
9356
9479
9604
969
