1022
10302
10388
10391
10395
10452
1052
10559
10582
10588
106
10620
10621
10627
10641
1069
10803
11251
11385
11694
11813
11911
1197
12081
1215
12179
12249
12270
12327
1273
12849
12924
1299
13074
13120
13179
13247
13320
13542
1395
13963
14211
14360
14491
14537
14688
1499
15531
1556
15710
1588
1686
1723
1731
1772
1777
180
1809
1843
1863
1901
1907
1926
1951
1963
1980
2003
2012
2025
2074
2095
2175
2286
2352
2354
2359
241
247
2511
2635
2727
2741
2749
2819
2838
2848
2857
2862
2958
2959
2968
3020
3047
3078
3084
3145
3204
3256
3259
3285
3324
3347
3349
3386
3390
342
3429
3440
3441
3445
3553
368
3770
3830
3973
4027
4031
4048
4049
4133
4156
4158
4172
4203
4209
4328
4340
4345
4356
4467
4525
4599
4616
4640
4712
4742
4825
49
4939
5154
5183
5191
5278
5280
5408
5507
5542
5553
5640
57
5717
5752
5786
5818
5826
5852
5866
59
5908
5933
5954
6127
6142
6153
6163
6296
6326
6404
6436
6541
6585
6588
6598
6606
6652
6656
6714
6735
6744
6746
6882
6926
6941
7103
718
7196
742
7477
7500
7600
7628
7642
7643
7792
7802
7907
8029
8044
8080
8102
8109
8151
8159
8188
8189
8197
8198
8246
835
8421
8440
8516
856
8608
8635
8675
8688
8696
8744
8749
8795
8856
903
925
9348
9362
9473
97
9718
9801
991
